ts,operation,phase,cpu_total_pct,mem_used_pct,rx_bytes,tx_bytes,rx_bytes_interval,tx_bytes_interval,rx_bytes_delta,tx_bytes_delta,control_rx_bytes_interval,control_tx_bytes_interval,control_rx_bytes_delta,control_tx_bytes_delta,rx_bytes_interval_adjusted,tx_bytes_interval_adjusted,rx_bytes_delta_adjusted,tx_bytes_delta_adjusted,control_sampling_ok,control_sampling_note,tss_cpu_pct,tss_mem_pct,peer_cpu_pct,peer_mem_pct,orderer_cpu_pct,orderer_mem_pct,tss_pid_count,peer_pid_count,orderer_pid_count,phase_derived,phase_start_ts,phase_end_ts,phase_elapsed_s,marker_prev,marker_prev_ts,marker_prev_elapsed_s,marker_next,marker_next_ts,marker_next_elapsed_s,proposal_id_derived,workflow_derived,entity_id_derived,epoch_derived,timeline_markers,source_file
2026-03-08T08:05:53.853323Z,csr_1772957153,csr_submit,0.00,17.59,97688565,30732598,0,0,0,0,0,0,0,0,0,0,0,0,1,ok:3,0.00,0.29,0.00,2.09,0.00,0.64,1,1,1,csr_submit,2026-03-08T08:05:53.651527321Z,2026-03-08T08:05:55.789587258Z,0.202,csr_submit,2026-03-08T08:05:53.651527321Z,0.202,csr_observed,2026-03-08T08:05:55.789587258Z,1.936,csr-irs3-1772957153,csr,csr-irs3-1772957153,,"[[""csr_submit"", ""2026-03-08T08:05:53.651527321Z""], [""csr_observed"", ""2026-03-08T08:05:55.789587258Z""], [""csr_vote"", ""2026-03-08T08:05:59.154771162Z""], [""signing_session"", ""2026-03-08T08:06:02.334270758Z""], [""tss_signing"", ""2026-03-08T08:06:02.388818051Z""], [""tss_complete"", ""2026-03-08T08:06:04.600228198Z""], [""cert_sync"", ""2026-03-08T08:06:18.049229193Z""]]",/opt/fabric/benchmarks/out/suite_20260308_084131/run_010/raw/resources_csr_1772957153.csv
2026-03-08T08:05:54.952858Z,csr_1772957153,csr_submit,9.32,17.59,97690934,30734155,2369,1557,2369,1557,0,0,0,0,2369,1557,2369,1557,1,ok:3,0.47,0.29,3.96,2.09,0.00,0.64,1,1,1,csr_submit,2026-03-08T08:05:53.651527321Z,2026-03-08T08:05:55.789587258Z,1.301,csr_submit,2026-03-08T08:05:53.651527321Z,1.301,csr_observed,2026-03-08T08:05:55.789587258Z,0.837,csr-irs3-1772957153,csr,csr-irs3-1772957153,,"[[""csr_submit"", ""2026-03-08T08:05:53.651527321Z""], [""csr_observed"", ""2026-03-08T08:05:55.789587258Z""], [""csr_vote"", ""2026-03-08T08:05:59.154771162Z""], [""signing_session"", ""2026-03-08T08:06:02.334270758Z""], [""tss_signing"", ""2026-03-08T08:06:02.388818051Z""], [""tss_complete"", ""2026-03-08T08:06:04.600228198Z""], [""cert_sync"", ""2026-03-08T08:06:18.049229193Z""]]",/opt/fabric/benchmarks/out/suite_20260308_084131/run_010/raw/resources_csr_1772957153.csv
2026-03-08T08:05:56.044235Z,csr_1772957153,csr_wait_cert,8.76,17.59,97697378,30757888,6444,23733,8813,25290,0,0,0,0,6444,23733,8813,25290,1,ok:1,0.23,0.29,2.53,2.09,0.69,0.64,1,1,1,csr_observed,2026-03-08T08:05:55.789587258Z,2026-03-08T08:05:59.154771162Z,0.255,csr_observed,2026-03-08T08:05:55.789587258Z,0.255,csr_vote,2026-03-08T08:05:59.154771162Z,3.111,csr-irs3-1772957153,csr,csr-irs3-1772957153,,"[[""csr_submit"", ""2026-03-08T08:05:53.651527321Z""], [""csr_observed"", ""2026-03-08T08:05:55.789587258Z""], [""csr_vote"", ""2026-03-08T08:05:59.154771162Z""], [""signing_session"", ""2026-03-08T08:06:02.334270758Z""], [""tss_signing"", ""2026-03-08T08:06:02.388818051Z""], [""tss_complete"", ""2026-03-08T08:06:04.600228198Z""], [""cert_sync"", ""2026-03-08T08:06:18.049229193Z""]]",/opt/fabric/benchmarks/out/suite_20260308_084131/run_010/raw/resources_csr_1772957153.csv
2026-03-08T08:05:57.132324Z,csr_1772957153,csr_wait_cert,6.71,17.60,97700701,30759964,3323,2076,12136,27366,0,0,0,0,3323,2076,12136,27366,1,ok:1,0.69,0.29,3.01,2.09,0.00,0.64,1,1,1,csr_observed,2026-03-08T08:05:55.789587258Z,2026-03-08T08:05:59.154771162Z,1.343,csr_observed,2026-03-08T08:05:55.789587258Z,1.343,csr_vote,2026-03-08T08:05:59.154771162Z,2.022,csr-irs3-1772957153,csr,csr-irs3-1772957153,,"[[""csr_submit"", ""2026-03-08T08:05:53.651527321Z""], [""csr_observed"", ""2026-03-08T08:05:55.789587258Z""], [""csr_vote"", ""2026-03-08T08:05:59.154771162Z""], [""signing_session"", ""2026-03-08T08:06:02.334270758Z""], [""tss_signing"", ""2026-03-08T08:06:02.388818051Z""], [""tss_complete"", ""2026-03-08T08:06:04.600228198Z""], [""cert_sync"", ""2026-03-08T08:06:18.049229193Z""]]",/opt/fabric/benchmarks/out/suite_20260308_084131/run_010/raw/resources_csr_1772957153.csv
2026-03-08T08:05:58.224935Z,csr_1772957153,csr_wait_cert,6.28,17.59,97721252,30769357,20551,9393,32687,36759,0,0,0,0,20551,9393,32687,36759,1,ok:1,0.00,0.29,2.09,2.09,0.47,0.64,1,1,1,csr_observed,2026-03-08T08:05:55.789587258Z,2026-03-08T08:05:59.154771162Z,2.435,csr_observed,2026-03-08T08:05:55.789587258Z,2.435,csr_vote,2026-03-08T08:05:59.154771162Z,0.930,csr-irs3-1772957153,csr,csr-irs3-1772957153,,"[[""csr_submit"", ""2026-03-08T08:05:53.651527321Z""], [""csr_observed"", ""2026-03-08T08:05:55.789587258Z""], [""csr_vote"", ""2026-03-08T08:05:59.154771162Z""], [""signing_session"", ""2026-03-08T08:06:02.334270758Z""], [""tss_signing"", ""2026-03-08T08:06:02.388818051Z""], [""tss_complete"", ""2026-03-08T08:06:04.600228198Z""], [""cert_sync"", ""2026-03-08T08:06:18.049229193Z""]]",/opt/fabric/benchmarks/out/suite_20260308_084131/run_010/raw/resources_csr_1772957153.csv
2026-03-08T08:05:59.312684Z,csr_1772957153,csr_wait_cert,11.06,17.59,97737489,30829438,16237,60081,48924,96840,0,0,0,0,16237,60081,48924,96840,1,ok:1,0.69,0.30,4.84,2.09,0.69,0.64,1,1,1,csr_vote,2026-03-08T08:05:59.154771162Z,2026-03-08T08:06:02.334270758Z,0.158,csr_vote,2026-03-08T08:05:59.154771162Z,0.158,signing_session,2026-03-08T08:06:02.334270758Z,3.022,csr-irs3-1772957153,csr,csr-irs3-1772957153,,"[[""csr_submit"", ""2026-03-08T08:05:53.651527321Z""], [""csr_observed"", ""2026-03-08T08:05:55.789587258Z""], [""csr_vote"", ""2026-03-08T08:05:59.154771162Z""], [""signing_session"", ""2026-03-08T08:06:02.334270758Z""], [""tss_signing"", ""2026-03-08T08:06:02.388818051Z""], [""tss_complete"", ""2026-03-08T08:06:04.600228198Z""], [""cert_sync"", ""2026-03-08T08:06:18.049229193Z""]]",/opt/fabric/benchmarks/out/suite_20260308_084131/run_010/raw/resources_csr_1772957153.csv
2026-03-08T08:06:00.405805Z,csr_1772957153,csr_wait_cert,17.21,17.59,97764881,30845827,27392,16389,76316,113229,0,0,0,0,27392,16389,76316,113229,1,ok:1,0.93,0.30,6.28,2.09,0.70,0.64,1,1,1,csr_vote,2026-03-08T08:05:59.154771162Z,2026-03-08T08:06:02.334270758Z,1.251,csr_vote,2026-03-08T08:05:59.154771162Z,1.251,signing_session,2026-03-08T08:06:02.334270758Z,1.928,csr-irs3-1772957153,csr,csr-irs3-1772957153,,"[[""csr_submit"", ""2026-03-08T08:05:53.651527321Z""], [""csr_observed"", ""2026-03-08T08:05:55.789587258Z""], [""csr_vote"", ""2026-03-08T08:05:59.154771162Z""], [""signing_session"", ""2026-03-08T08:06:02.334270758Z""], [""tss_signing"", ""2026-03-08T08:06:02.388818051Z""], [""tss_complete"", ""2026-03-08T08:06:04.600228198Z""], [""cert_sync"", ""2026-03-08T08:06:18.049229193Z""]]",/opt/fabric/benchmarks/out/suite_20260308_084131/run_010/raw/resources_csr_1772957153.csv
2026-03-08T08:06:01.501450Z,csr_1772957153,csr_wait_cert,3.69,17.59,97766784,30846724,1903,897,78219,114126,0,0,0,0,1903,897,78219,114126,1,ok:1,0.00,0.30,0.92,2.09,0.23,0.64,1,1,1,csr_vote,2026-03-08T08:05:59.154771162Z,2026-03-08T08:06:02.334270758Z,2.347,csr_vote,2026-03-08T08:05:59.154771162Z,2.347,signing_session,2026-03-08T08:06:02.334270758Z,0.833,csr-irs3-1772957153,csr,csr-irs3-1772957153,,"[[""csr_submit"", ""2026-03-08T08:05:53.651527321Z""], [""csr_observed"", ""2026-03-08T08:05:55.789587258Z""], [""csr_vote"", ""2026-03-08T08:05:59.154771162Z""], [""signing_session"", ""2026-03-08T08:06:02.334270758Z""], [""tss_signing"", ""2026-03-08T08:06:02.388818051Z""], [""tss_complete"", ""2026-03-08T08:06:04.600228198Z""], [""cert_sync"", ""2026-03-08T08:06:18.049229193Z""]]",/opt/fabric/benchmarks/out/suite_20260308_084131/run_010/raw/resources_csr_1772957153.csv
2026-03-08T08:06:02.584397Z,csr_1772957153,csr_wait_cert,16.09,17.59,97808613,30910203,41829,63479,120048,177605,0,0,0,0,41829,63479,120048,177605,1,ok:1,5.98,0.30,4.37,2.09,0.23,0.64,1,1,1,tss_signing,2026-03-08T08:06:02.388818051Z,2026-03-08T08:06:04.600228198Z,0.196,tss_signing,2026-03-08T08:06:02.388818051Z,0.196,tss_complete,2026-03-08T08:06:04.600228198Z,2.016,csr-irs3-1772957153,csr,csr-irs3-1772957153,,"[[""csr_submit"", ""2026-03-08T08:05:53.651527321Z""], [""csr_observed"", ""2026-03-08T08:05:55.789587258Z""], [""csr_vote"", ""2026-03-08T08:05:59.154771162Z""], [""signing_session"", ""2026-03-08T08:06:02.334270758Z""], [""tss_signing"", ""2026-03-08T08:06:02.388818051Z""], [""tss_complete"", ""2026-03-08T08:06:04.600228198Z""], [""cert_sync"", ""2026-03-08T08:06:18.049229193Z""]]",/opt/fabric/benchmarks/out/suite_20260308_084131/run_010/raw/resources_csr_1772957153.csv
2026-03-08T08:06:03.739701Z,csr_1772957153,csr_wait_cert,69.37,17.59,97833730,30942011,25117,31808,145165,209413,0,0,0,0,25117,31808,145165,209413,1,ok:1,68.91,0.30,2.09,2.09,0.00,0.64,1,1,1,tss_signing,2026-03-08T08:06:02.388818051Z,2026-03-08T08:06:04.600228198Z,1.351,tss_signing,2026-03-08T08:06:02.388818051Z,1.351,tss_complete,2026-03-08T08:06:04.600228198Z,0.861,csr-irs3-1772957153,csr,csr-irs3-1772957153,,"[[""csr_submit"", ""2026-03-08T08:05:53.651527321Z""], [""csr_observed"", ""2026-03-08T08:05:55.789587258Z""], [""csr_vote"", ""2026-03-08T08:05:59.154771162Z""], [""signing_session"", ""2026-03-08T08:06:02.334270758Z""], [""tss_signing"", ""2026-03-08T08:06:02.388818051Z""], [""tss_complete"", ""2026-03-08T08:06:04.600228198Z""], [""cert_sync"", ""2026-03-08T08:06:18.049229193Z""]]",/opt/fabric/benchmarks/out/suite_20260308_084131/run_010/raw/resources_csr_1772957153.csv
2026-03-08T08:06:04.830726Z,csr_1772957153,csr_wait_cert,70.39,17.60,97982507,31094999,148777,152988,293942,362401,0,0,0,0,148777,152988,293942,362401,1,ok:1,57.24,0.31,2.63,2.09,0.66,0.64,1,1,1,tss_complete,2026-03-08T08:06:04.600228198Z,2026-03-08T08:06:18.049229193Z,0.230,tss_complete,2026-03-08T08:06:04.600228198Z,0.230,cert_sync,2026-03-08T08:06:18.049229193Z,13.219,csr-irs3-1772957153,csr,csr-irs3-1772957153,,"[[""csr_submit"", ""2026-03-08T08:05:53.651527321Z""], [""csr_observed"", ""2026-03-08T08:05:55.789587258Z""], [""csr_vote"", ""2026-03-08T08:05:59.154771162Z""], [""signing_session"", ""2026-03-08T08:06:02.334270758Z""], [""tss_signing"", ""2026-03-08T08:06:02.388818051Z""], [""tss_complete"", ""2026-03-08T08:06:04.600228198Z""], [""cert_sync"", ""2026-03-08T08:06:18.049229193Z""]]",/opt/fabric/benchmarks/out/suite_20260308_084131/run_010/raw/resources_csr_1772957153.csv
2026-03-08T08:06:05.926712Z,csr_1772957153,csr_wait_cert,3.23,17.60,97983561,31095646,1054,647,294996,363048,0,0,0,0,1054,647,294996,363048,1,ok:1,0.00,0.31,1.15,2.09,0.00,0.64,1,1,1,tss_complete,2026-03-08T08:06:04.600228198Z,2026-03-08T08:06:18.049229193Z,1.326,tss_complete,2026-03-08T08:06:04.600228198Z,1.326,cert_sync,2026-03-08T08:06:18.049229193Z,12.123,csr-irs3-1772957153,csr,csr-irs3-1772957153,,"[[""csr_submit"", ""2026-03-08T08:05:53.651527321Z""], [""csr_observed"", ""2026-03-08T08:05:55.789587258Z""], [""csr_vote"", ""2026-03-08T08:05:59.154771162Z""], [""signing_session"", ""2026-03-08T08:06:02.334270758Z""], [""tss_signing"", ""2026-03-08T08:06:02.388818051Z""], [""tss_complete"", ""2026-03-08T08:06:04.600228198Z""], [""cert_sync"", ""2026-03-08T08:06:18.049229193Z""]]",/opt/fabric/benchmarks/out/suite_20260308_084131/run_010/raw/resources_csr_1772957153.csv
2026-03-08T08:06:07.022644Z,csr_1772957153,csr_wait_cert,8.90,17.60,97987914,31136023,4353,40377,299349,403425,0,0,0,0,4353,40377,299349,403425,1,ok:1,0.94,0.31,3.98,2.09,0.70,0.64,1,1,1,tss_complete,2026-03-08T08:06:04.600228198Z,2026-03-08T08:06:18.049229193Z,2.422,tss_complete,2026-03-08T08:06:04.600228198Z,2.422,cert_sync,2026-03-08T08:06:18.049229193Z,11.027,csr-irs3-1772957153,csr,csr-irs3-1772957153,,"[[""csr_submit"", ""2026-03-08T08:05:53.651527321Z""], [""csr_observed"", ""2026-03-08T08:05:55.789587258Z""], [""csr_vote"", ""2026-03-08T08:05:59.154771162Z""], [""signing_session"", ""2026-03-08T08:06:02.334270758Z""], [""tss_signing"", ""2026-03-08T08:06:02.388818051Z""], [""tss_complete"", ""2026-03-08T08:06:04.600228198Z""], [""cert_sync"", ""2026-03-08T08:06:18.049229193Z""]]",/opt/fabric/benchmarks/out/suite_20260308_084131/run_010/raw/resources_csr_1772957153.csv
2026-03-08T08:06:08.114043Z,csr_1772957153,csr_wait_cert,6.88,17.59,97994742,31142158,6828,6135,306177,409560,0,0,0,0,6828,6135,306177,409560,1,ok:1,0.00,0.31,2.52,2.09,0.23,0.64,1,1,1,tss_complete,2026-03-08T08:06:04.600228198Z,2026-03-08T08:06:18.049229193Z,3.514,tss_complete,2026-03-08T08:06:04.600228198Z,3.514,cert_sync,2026-03-08T08:06:18.049229193Z,9.935,csr-irs3-1772957153,csr,csr-irs3-1772957153,,"[[""csr_submit"", ""2026-03-08T08:05:53.651527321Z""], [""csr_observed"", ""2026-03-08T08:05:55.789587258Z""], [""csr_vote"", ""2026-03-08T08:05:59.154771162Z""], [""signing_session"", ""2026-03-08T08:06:02.334270758Z""], [""tss_signing"", ""2026-03-08T08:06:02.388818051Z""], [""tss_complete"", ""2026-03-08T08:06:04.600228198Z""], [""cert_sync"", ""2026-03-08T08:06:18.049229193Z""]]",/opt/fabric/benchmarks/out/suite_20260308_084131/run_010/raw/resources_csr_1772957153.csv
2026-03-08T08:06:09.208177Z,csr_1772957153,csr_wait_cert,11.27,17.59,98012794,31151997,18052,9839,324229,419399,0,0,0,0,18052,9839,324229,419399,1,ok:1,0.94,0.31,5.40,2.09,0.23,0.64,1,1,1,tss_complete,2026-03-08T08:06:04.600228198Z,2026-03-08T08:06:18.049229193Z,4.608,tss_complete,2026-03-08T08:06:04.600228198Z,4.608,cert_sync,2026-03-08T08:06:18.049229193Z,8.841,csr-irs3-1772957153,csr,csr-irs3-1772957153,,"[[""csr_submit"", ""2026-03-08T08:05:53.651527321Z""], [""csr_observed"", ""2026-03-08T08:05:55.789587258Z""], [""csr_vote"", ""2026-03-08T08:05:59.154771162Z""], [""signing_session"", ""2026-03-08T08:06:02.334270758Z""], [""tss_signing"", ""2026-03-08T08:06:02.388818051Z""], [""tss_complete"", ""2026-03-08T08:06:04.600228198Z""], [""cert_sync"", ""2026-03-08T08:06:18.049229193Z""]]",/opt/fabric/benchmarks/out/suite_20260308_084131/run_010/raw/resources_csr_1772957153.csv
2026-03-08T08:06:10.303387Z,csr_1772957153,csr_wait_cert,4.37,17.59,98014377,31153446,1583,1449,325812,420848,0,0,0,0,1583,1449,325812,420848,1,ok:1,0.00,0.31,1.38,2.09,0.46,0.64,1,1,1,tss_complete,2026-03-08T08:06:04.600228198Z,2026-03-08T08:06:18.049229193Z,5.703,tss_complete,2026-03-08T08:06:04.600228198Z,5.703,cert_sync,2026-03-08T08:06:18.049229193Z,7.746,csr-irs3-1772957153,csr,csr-irs3-1772957153,,"[[""csr_submit"", ""2026-03-08T08:05:53.651527321Z""], [""csr_observed"", ""2026-03-08T08:05:55.789587258Z""], [""csr_vote"", ""2026-03-08T08:05:59.154771162Z""], [""signing_session"", ""2026-03-08T08:06:02.334270758Z""], [""tss_signing"", ""2026-03-08T08:06:02.388818051Z""], [""tss_complete"", ""2026-03-08T08:06:04.600228198Z""], [""cert_sync"", ""2026-03-08T08:06:18.049229193Z""]]",/opt/fabric/benchmarks/out/suite_20260308_084131/run_010/raw/resources_csr_1772957153.csv
2026-03-08T08:06:11.395277Z,csr_1772957153,csr_wait_cert,7.64,17.60,98020053,31183053,5676,29607,331488,450455,0,0,0,0,5676,29607,331488,450455,1,ok:1,0.69,0.30,2.78,2.09,0.00,0.64,1,1,1,tss_complete,2026-03-08T08:06:04.600228198Z,2026-03-08T08:06:18.049229193Z,6.795,tss_complete,2026-03-08T08:06:04.600228198Z,6.795,cert_sync,2026-03-08T08:06:18.049229193Z,6.654,csr-irs3-1772957153,csr,csr-irs3-1772957153,,"[[""csr_submit"", ""2026-03-08T08:05:53.651527321Z""], [""csr_observed"", ""2026-03-08T08:05:55.789587258Z""], [""csr_vote"", ""2026-03-08T08:05:59.154771162Z""], [""signing_session"", ""2026-03-08T08:06:02.334270758Z""], [""tss_signing"", ""2026-03-08T08:06:02.388818051Z""], [""tss_complete"", ""2026-03-08T08:06:04.600228198Z""], [""cert_sync"", ""2026-03-08T08:06:18.049229193Z""]]",/opt/fabric/benchmarks/out/suite_20260308_084131/run_010/raw/resources_csr_1772957153.csv
2026-03-08T08:06:32.668332Z,revocation_1772957192,revocation_propose,0.00,17.46,98078363,31233758,0,0,0,0,0,0,0,0,0,0,0,0,1,ok:3,0.00,0.30,0.00,2.09,0.00,0.64,1,1,1,pre,,2026-03-08T08:06:34.595386093Z,,,,,revocation_propose,2026-03-08T08:06:34.595386093Z,1.927,revoke-irs3-1772957192,revocation,revoke-irs3-1772957192,,"[[""revocation_propose"", ""2026-03-08T08:06:34.595386093Z""], [""revocation_observed"", ""2026-03-08T08:06:34.606764262Z""], [""revocation_vote"", ""2026-03-08T08:06:38.246747411Z""], [""revocation_execute"", ""2026-03-08T08:06:38.267219105Z""]]",/opt/fabric/benchmarks/out/suite_20260308_084131/run_010/raw/resources_revocation_1772957192.csv
2026-03-08T08:06:33.762915Z,revocation_1772957192,revocation_propose,8.41,17.47,98079040,31234473,677,715,677,715,0,0,0,0,677,715,677,715,1,ok:3,0.70,0.30,3.97,2.09,0.23,0.64,1,1,1,pre,,2026-03-08T08:06:34.595386093Z,,,,,revocation_propose,2026-03-08T08:06:34.595386093Z,0.832,revoke-irs3-1772957192,revocation,revoke-irs3-1772957192,,"[[""revocation_propose"", ""2026-03-08T08:06:34.595386093Z""], [""revocation_observed"", ""2026-03-08T08:06:34.606764262Z""], [""revocation_vote"", ""2026-03-08T08:06:38.246747411Z""], [""revocation_execute"", ""2026-03-08T08:06:38.267219105Z""]]",/opt/fabric/benchmarks/out/suite_20260308_084131/run_010/raw/resources_revocation_1772957192.csv
2026-03-08T08:06:34.856160Z,revocation_1772957192,revocation_wait,9.61,17.47,98081725,31251066,2685,16593,3362,17308,0,0,0,0,2685,16593,3362,17308,1,ok:1,1.37,0.30,2.06,2.09,0.23,0.64,1,1,1,revocation_observed,2026-03-08T08:06:34.606764262Z,2026-03-08T08:06:38.246747411Z,0.249,revocation_observed,2026-03-08T08:06:34.606764262Z,0.249,revocation_vote,2026-03-08T08:06:38.246747411Z,3.391,revoke-irs3-1772957192,revocation,revoke-irs3-1772957192,,"[[""revocation_propose"", ""2026-03-08T08:06:34.595386093Z""], [""revocation_observed"", ""2026-03-08T08:06:34.606764262Z""], [""revocation_vote"", ""2026-03-08T08:06:38.246747411Z""], [""revocation_execute"", ""2026-03-08T08:06:38.267219105Z""]]",/opt/fabric/benchmarks/out/suite_20260308_084131/run_010/raw/resources_revocation_1772957192.csv
2026-03-08T08:06:35.951954Z,revocation_1772957192,revocation_wait,5.49,17.47,98089151,31258093,7426,7027,10788,24335,0,0,0,0,7426,7027,10788,24335,1,ok:1,0.00,0.30,2.52,2.09,0.23,0.64,1,1,1,revocation_observed,2026-03-08T08:06:34.606764262Z,2026-03-08T08:06:38.246747411Z,1.345,revocation_observed,2026-03-08T08:06:34.606764262Z,1.345,revocation_vote,2026-03-08T08:06:38.246747411Z,2.295,revoke-irs3-1772957192,revocation,revoke-irs3-1772957192,,"[[""revocation_propose"", ""2026-03-08T08:06:34.595386093Z""], [""revocation_observed"", ""2026-03-08T08:06:34.606764262Z""], [""revocation_vote"", ""2026-03-08T08:06:38.246747411Z""], [""revocation_execute"", ""2026-03-08T08:06:38.267219105Z""]]",/opt/fabric/benchmarks/out/suite_20260308_084131/run_010/raw/resources_revocation_1772957192.csv
2026-03-08T08:06:37.045069Z,revocation_1772957192,revocation_wait,13.02,17.47,98108029,31267282,18878,9189,29666,33524,0,0,0,0,18878,9189,29666,33524,1,ok:1,0.93,0.30,5.35,2.09,0.93,0.64,1,1,1,revocation_observed,2026-03-08T08:06:34.606764262Z,2026-03-08T08:06:38.246747411Z,2.438,revocation_observed,2026-03-08T08:06:34.606764262Z,2.438,revocation_vote,2026-03-08T08:06:38.246747411Z,1.202,revoke-irs3-1772957192,revocation,revoke-irs3-1772957192,,"[[""revocation_propose"", ""2026-03-08T08:06:34.595386093Z""], [""revocation_observed"", ""2026-03-08T08:06:34.606764262Z""], [""revocation_vote"", ""2026-03-08T08:06:38.246747411Z""], [""revocation_execute"", ""2026-03-08T08:06:38.267219105Z""]]",/opt/fabric/benchmarks/out/suite_20260308_084131/run_010/raw/resources_revocation_1772957192.csv
2026-03-08T08:06:38.140800Z,revocation_1772957192,revocation_wait,4.83,17.47,98118425,31272966,10396,5684,40062,39208,0,0,0,0,10396,5684,40062,39208,1,ok:1,0.00,0.30,1.38,2.09,0.23,0.64,1,1,1,revocation_observed,2026-03-08T08:06:34.606764262Z,2026-03-08T08:06:38.246747411Z,3.534,revocation_observed,2026-03-08T08:06:34.606764262Z,3.534,revocation_vote,2026-03-08T08:06:38.246747411Z,0.106,revoke-irs3-1772957192,revocation,revoke-irs3-1772957192,,"[[""revocation_propose"", ""2026-03-08T08:06:34.595386093Z""], [""revocation_observed"", ""2026-03-08T08:06:34.606764262Z""], [""revocation_vote"", ""2026-03-08T08:06:38.246747411Z""], [""revocation_execute"", ""2026-03-08T08:06:38.267219105Z""]]",/opt/fabric/benchmarks/out/suite_20260308_084131/run_010/raw/resources_revocation_1772957192.csv
2026-03-08T08:06:39.234263Z,revocation_1772957192,revocation_wait,17.56,17.48,98147883,31335677,29458,62711,69520,101919,0,0,0,0,29458,62711,69520,101919,1,ok:1,0.94,0.30,8.20,2.09,0.94,0.64,1,1,1,post,2026-03-08T08:06:38.267219105Z,,0.967,revocation_execute,2026-03-08T08:06:38.267219105Z,0.967,,,,revoke-irs3-1772957192,revocation,revoke-irs3-1772957192,,"[[""revocation_propose"", ""2026-03-08T08:06:34.595386093Z""], [""revocation_observed"", ""2026-03-08T08:06:34.606764262Z""], [""revocation_vote"", ""2026-03-08T08:06:38.246747411Z""], [""revocation_execute"", ""2026-03-08T08:06:38.267219105Z""]]",/opt/fabric/benchmarks/out/suite_20260308_084131/run_010/raw/resources_revocation_1772957192.csv
2026-03-08T08:06:40.326206Z,revocation_1772957192,revocation_wait,4.19,17.48,98154674,31341591,6791,5914,76311,107833,0,0,0,0,6791,5914,76311,107833,1,ok:1,0.00,0.30,2.33,2.09,0.00,0.64,1,1,1,post,2026-03-08T08:06:38.267219105Z,,2.059,revocation_execute,2026-03-08T08:06:38.267219105Z,2.059,,,,revoke-irs3-1772957192,revocation,revoke-irs3-1772957192,,"[[""revocation_propose"", ""2026-03-08T08:06:34.595386093Z""], [""revocation_observed"", ""2026-03-08T08:06:34.606764262Z""], [""revocation_vote"", ""2026-03-08T08:06:38.246747411Z""], [""revocation_execute"", ""2026-03-08T08:06:38.267219105Z""]]",/opt/fabric/benchmarks/out/suite_20260308_084131/run_010/raw/resources_revocation_1772957192.csv
2026-03-08T08:06:59.304148Z,removal_1772957218,removal_submit,0.00,17.44,98211176,31426615,0,0,0,0,0,0,0,0,0,0,0,0,1,ok:3,0.00,0.30,0.00,2.09,0.00,0.64,1,1,1,reshare_keygen_start,2026-03-07T15:08:25.500006697Z,2026-03-08T08:07:01.231435386Z,61113.804,reshare_keygen_start,2026-03-07T15:08:25.500006697Z,61113.804,removal_propose,2026-03-08T08:07:01.231435386Z,1.927,remove-irs3-member1-1772957219,removal,remove-irs3-member1-1772957219,60,"[[""reshare_complete"", ""2026-02-28T14:39:04.138060725Z""], [""reshare_ack"", ""2026-03-07T15:06:52.71409671Z""], [""reshare_keygen_start"", ""2026-03-07T15:08:25.500006697Z""], [""removal_propose"", ""2026-03-08T08:07:01.231435386Z""], [""removal_observed"", ""2026-03-08T08:07:01.242372433Z""], [""removal_vote"", ""2026-03-08T08:07:05.889855623Z""], [""removal_executed"", ""2026-03-08T08:07:05.954319342Z""]]",/opt/fabric/benchmarks/out/suite_20260308_084131/run_010/raw/resources_removal_1772957218.csv
2026-03-08T08:07:00.396721Z,removal_1772957218,removal_submit,9.60,17.44,98216591,31431197,5415,4582,5415,4582,0,0,0,0,5415,4582,5415,4582,1,ok:3,0.70,0.30,4.68,2.09,0.00,0.64,1,1,1,reshare_keygen_start,2026-03-07T15:08:25.500006697Z,2026-03-08T08:07:01.231435386Z,61114.897,reshare_keygen_start,2026-03-07T15:08:25.500006697Z,61114.897,removal_propose,2026-03-08T08:07:01.231435386Z,0.835,remove-irs3-member1-1772957219,removal,remove-irs3-member1-1772957219,60,"[[""reshare_complete"", ""2026-02-28T14:39:04.138060725Z""], [""reshare_ack"", ""2026-03-07T15:06:52.71409671Z""], [""reshare_keygen_start"", ""2026-03-07T15:08:25.500006697Z""], [""removal_propose"", ""2026-03-08T08:07:01.231435386Z""], [""removal_observed"", ""2026-03-08T08:07:01.242372433Z""], [""removal_vote"", ""2026-03-08T08:07:05.889855623Z""], [""removal_executed"", ""2026-03-08T08:07:05.954319342Z""]]",/opt/fabric/benchmarks/out/suite_20260308_084131/run_010/raw/resources_removal_1772957218.csv
2026-03-08T08:07:01.488036Z,removal_1772957218,removal_wait_vote,8.35,17.44,98220674,31455275,4083,24078,9498,28660,0,0,0,0,4083,24078,9498,28660,1,ok:1,0.23,0.30,2.78,2.09,0.70,0.64,1,1,1,removal_observed,2026-03-08T08:07:01.242372433Z,2026-03-08T08:07:05.889855623Z,0.246,removal_observed,2026-03-08T08:07:01.242372433Z,0.246,removal_vote,2026-03-08T08:07:05.889855623Z,4.402,remove-irs3-member1-1772957219,removal,remove-irs3-member1-1772957219,60,"[[""reshare_complete"", ""2026-02-28T14:39:04.138060725Z""], [""reshare_ack"", ""2026-03-07T15:06:52.71409671Z""], [""reshare_keygen_start"", ""2026-03-07T15:08:25.500006697Z""], [""removal_propose"", ""2026-03-08T08:07:01.231435386Z""], [""removal_observed"", ""2026-03-08T08:07:01.242372433Z""], [""removal_vote"", ""2026-03-08T08:07:05.889855623Z""], [""removal_executed"", ""2026-03-08T08:07:05.954319342Z""]]",/opt/fabric/benchmarks/out/suite_20260308_084131/run_010/raw/resources_removal_1772957218.csv
2026-03-08T08:07:02.582580Z,removal_1772957218,removal_wait_vote,4.14,17.44,98229518,31456355,8844,1080,18342,29740,0,0,0,0,8844,1080,18342,29740,1,ok:1,0.00,0.30,1.15,2.09,0.23,0.64,1,1,1,removal_observed,2026-03-08T08:07:01.242372433Z,2026-03-08T08:07:05.889855623Z,1.340,removal_observed,2026-03-08T08:07:01.242372433Z,1.340,removal_vote,2026-03-08T08:07:05.889855623Z,3.307,remove-irs3-member1-1772957219,removal,remove-irs3-member1-1772957219,60,"[[""reshare_complete"", ""2026-02-28T14:39:04.138060725Z""], [""reshare_ack"", ""2026-03-07T15:06:52.71409671Z""], [""reshare_keygen_start"", ""2026-03-07T15:08:25.500006697Z""], [""removal_propose"", ""2026-03-08T08:07:01.231435386Z""], [""removal_observed"", ""2026-03-08T08:07:01.242372433Z""], [""removal_vote"", ""2026-03-08T08:07:05.889855623Z""], [""removal_executed"", ""2026-03-08T08:07:05.954319342Z""]]",/opt/fabric/benchmarks/out/suite_20260308_084131/run_010/raw/resources_removal_1772957218.csv
2026-03-08T08:07:03.674785Z,removal_1772957218,removal_wait_vote,12.21,17.44,98244110,31497871,14592,41516,32934,71256,0,0,0,0,14592,41516,32934,71256,1,ok:1,0.92,0.30,4.61,2.09,0.69,0.64,1,1,1,removal_observed,2026-03-08T08:07:01.242372433Z,2026-03-08T08:07:05.889855623Z,2.432,removal_observed,2026-03-08T08:07:01.242372433Z,2.432,removal_vote,2026-03-08T08:07:05.889855623Z,2.215,remove-irs3-member1-1772957219,removal,remove-irs3-member1-1772957219,60,"[[""reshare_complete"", ""2026-02-28T14:39:04.138060725Z""], [""reshare_ack"", ""2026-03-07T15:06:52.71409671Z""], [""reshare_keygen_start"", ""2026-03-07T15:08:25.500006697Z""], [""removal_propose"", ""2026-03-08T08:07:01.231435386Z""], [""removal_observed"", ""2026-03-08T08:07:01.242372433Z""], [""removal_vote"", ""2026-03-08T08:07:05.889855623Z""], [""removal_executed"", ""2026-03-08T08:07:05.954319342Z""]]",/opt/fabric/benchmarks/out/suite_20260308_084131/run_010/raw/resources_removal_1772957218.csv
2026-03-08T08:07:04.767974Z,removal_1772957218,removal_wait_vote,9.62,17.45,98273750,31512815,29640,14944,62574,86200,0,0,0,0,29640,14944,62574,86200,1,ok:1,0.23,0.30,4.69,2.10,0.70,0.64,1,1,1,removal_observed,2026-03-08T08:07:01.242372433Z,2026-03-08T08:07:05.889855623Z,3.526,removal_observed,2026-03-08T08:07:01.242372433Z,3.526,removal_vote,2026-03-08T08:07:05.889855623Z,1.122,remove-irs3-member1-1772957219,removal,remove-irs3-member1-1772957219,60,"[[""reshare_complete"", ""2026-02-28T14:39:04.138060725Z""], [""reshare_ack"", ""2026-03-07T15:06:52.71409671Z""], [""reshare_keygen_start"", ""2026-03-07T15:08:25.500006697Z""], [""removal_propose"", ""2026-03-08T08:07:01.231435386Z""], [""removal_observed"", ""2026-03-08T08:07:01.242372433Z""], [""removal_vote"", ""2026-03-08T08:07:05.889855623Z""], [""removal_executed"", ""2026-03-08T08:07:05.954319342Z""]]",/opt/fabric/benchmarks/out/suite_20260308_084131/run_010/raw/resources_removal_1772957218.csv
2026-03-08T08:07:05.861994Z,removal_1772957218,removal_wait_vote,5.95,17.46,98274805,31513464,1055,649,63629,86849,0,0,0,0,1055,649,63629,86849,1,ok:1,0.00,0.30,1.14,2.10,0.23,0.64,1,1,1,removal_observed,2026-03-08T08:07:01.242372433Z,2026-03-08T08:07:05.889855623Z,4.620,removal_observed,2026-03-08T08:07:01.242372433Z,4.620,removal_vote,2026-03-08T08:07:05.889855623Z,0.028,remove-irs3-member1-1772957219,removal,remove-irs3-member1-1772957219,60,"[[""reshare_complete"", ""2026-02-28T14:39:04.138060725Z""], [""reshare_ack"", ""2026-03-07T15:06:52.71409671Z""], [""reshare_keygen_start"", ""2026-03-07T15:08:25.500006697Z""], [""removal_propose"", ""2026-03-08T08:07:01.231435386Z""], [""removal_observed"", ""2026-03-08T08:07:01.242372433Z""], [""removal_vote"", ""2026-03-08T08:07:05.889855623Z""], [""removal_executed"", ""2026-03-08T08:07:05.954319342Z""]]",/opt/fabric/benchmarks/out/suite_20260308_084131/run_010/raw/resources_removal_1772957218.csv
2026-03-08T08:07:06.955229Z,removal_1772957218,removal_wait_vote,9.40,17.45,98286038,31559096,11233,45632,74862,132481,0,0,0,0,11233,45632,74862,132481,1,ok:1,0.69,0.31,3.44,2.10,0.23,0.64,1,1,1,post,2026-03-08T08:07:05.954319342Z,,1.001,removal_executed,2026-03-08T08:07:05.954319342Z,1.001,,,,remove-irs3-member1-1772957219,removal,remove-irs3-member1-1772957219,60,"[[""reshare_complete"", ""2026-02-28T14:39:04.138060725Z""], [""reshare_ack"", ""2026-03-07T15:06:52.71409671Z""], [""reshare_keygen_start"", ""2026-03-07T15:08:25.500006697Z""], [""removal_propose"", ""2026-03-08T08:07:01.231435386Z""], [""removal_observed"", ""2026-03-08T08:07:01.242372433Z""], [""removal_vote"", ""2026-03-08T08:07:05.889855623Z""], [""removal_executed"", ""2026-03-08T08:07:05.954319342Z""]]",/opt/fabric/benchmarks/out/suite_20260308_084131/run_010/raw/resources_removal_1772957218.csv
2026-03-08T08:07:08.047747Z,removal_1772957218,removal_wait_reshare,8.67,17.46,98301497,31570084,15459,10988,90321,143469,0,0,0,0,15459,10988,90321,143469,1,ok:1,0.23,0.31,3.51,2.10,0.23,0.64,1,1,1,post,2026-03-08T08:07:05.954319342Z,,2.093,removal_executed,2026-03-08T08:07:05.954319342Z,2.093,,,,remove-irs3-member1-1772957219,removal,remove-irs3-member1-1772957219,60,"[[""reshare_complete"", ""2026-02-28T14:39:04.138060725Z""], [""reshare_ack"", ""2026-03-07T15:06:52.71409671Z""], [""reshare_keygen_start"", ""2026-03-07T15:08:25.500006697Z""], [""removal_propose"", ""2026-03-08T08:07:01.231435386Z""], [""removal_observed"", ""2026-03-08T08:07:01.242372433Z""], [""removal_vote"", ""2026-03-08T08:07:05.889855623Z""], [""removal_executed"", ""2026-03-08T08:07:05.954319342Z""]]",/opt/fabric/benchmarks/out/suite_20260308_084131/run_010/raw/resources_removal_1772957218.csv
2026-03-08T08:07:09.145446Z,removal_1772957218,removal_wait_reshare,6.48,17.46,98313433,31602595,11936,32511,102257,175980,0,0,0,0,11936,32511,102257,175980,1,ok:1,0.23,0.31,2.31,2.10,0.69,0.64,1,1,1,post,2026-03-08T08:07:05.954319342Z,,3.191,removal_executed,2026-03-08T08:07:05.954319342Z,3.191,,,,remove-irs3-member1-1772957219,removal,remove-irs3-member1-1772957219,60,"[[""reshare_complete"", ""2026-02-28T14:39:04.138060725Z""], [""reshare_ack"", ""2026-03-07T15:06:52.71409671Z""], [""reshare_keygen_start"", ""2026-03-07T15:08:25.500006697Z""], [""removal_propose"", ""2026-03-08T08:07:01.231435386Z""], [""removal_observed"", ""2026-03-08T08:07:01.242372433Z""], [""removal_vote"", ""2026-03-08T08:07:05.889855623Z""], [""removal_executed"", ""2026-03-08T08:07:05.954319342Z""]]",/opt/fabric/benchmarks/out/suite_20260308_084131/run_010/raw/resources_removal_1772957218.csv
2026-03-08T08:07:10.242747Z,removal_1772957218,removal_wait_reshare,4.82,17.47,98315143,31604047,1710,1452,103967,177432,0,0,0,0,1710,1452,103967,177432,1,ok:1,0.23,0.31,1.38,2.10,0.23,0.64,1,1,1,post,2026-03-08T08:07:05.954319342Z,,4.288,removal_executed,2026-03-08T08:07:05.954319342Z,4.288,,,,remove-irs3-member1-1772957219,removal,remove-irs3-member1-1772957219,60,"[[""reshare_complete"", ""2026-02-28T14:39:04.138060725Z""], [""reshare_ack"", ""2026-03-07T15:06:52.71409671Z""], [""reshare_keygen_start"", ""2026-03-07T15:08:25.500006697Z""], [""removal_propose"", ""2026-03-08T08:07:01.231435386Z""], [""removal_observed"", ""2026-03-08T08:07:01.242372433Z""], [""removal_vote"", ""2026-03-08T08:07:05.889855623Z""], [""removal_executed"", ""2026-03-08T08:07:05.954319342Z""]]",/opt/fabric/benchmarks/out/suite_20260308_084131/run_010/raw/resources_removal_1772957218.csv
2026-03-08T08:07:11.332124Z,removal_1772957218,removal_wait_reshare,6.44,17.47,98319869,31622799,4726,18752,108693,196184,0,0,0,0,4726,18752,108693,196184,1,ok:1,0.00,0.31,2.07,2.10,0.46,0.64,1,1,1,post,2026-03-08T08:07:05.954319342Z,,5.378,removal_executed,2026-03-08T08:07:05.954319342Z,5.378,,,,remove-irs3-member1-1772957219,removal,remove-irs3-member1-1772957219,60,"[[""reshare_complete"", ""2026-02-28T14:39:04.138060725Z""], [""reshare_ack"", ""2026-03-07T15:06:52.71409671Z""], [""reshare_keygen_start"", ""2026-03-07T15:08:25.500006697Z""], [""removal_propose"", ""2026-03-08T08:07:01.231435386Z""], [""removal_observed"", ""2026-03-08T08:07:01.242372433Z""], [""removal_vote"", ""2026-03-08T08:07:05.889855623Z""], [""removal_executed"", ""2026-03-08T08:07:05.954319342Z""]]",/opt/fabric/benchmarks/out/suite_20260308_084131/run_010/raw/resources_removal_1772957218.csv
2026-03-08T08:07:12.425356Z,removal_1772957218,removal_wait_reshare,7.53,17.46,98325606,31628005,5737,5206,114430,201390,0,0,0,0,5737,5206,114430,201390,1,ok:1,0.46,0.31,2.97,2.10,0.00,0.64,1,1,1,post,2026-03-08T08:07:05.954319342Z,,6.471,removal_executed,2026-03-08T08:07:05.954319342Z,6.471,,,,remove-irs3-member1-1772957219,removal,remove-irs3-member1-1772957219,60,"[[""reshare_complete"", ""2026-02-28T14:39:04.138060725Z""], [""reshare_ack"", ""2026-03-07T15:06:52.71409671Z""], [""reshare_keygen_start"", ""2026-03-07T15:08:25.500006697Z""], [""removal_propose"", ""2026-03-08T08:07:01.231435386Z""], [""removal_observed"", ""2026-03-08T08:07:01.242372433Z""], [""removal_vote"", ""2026-03-08T08:07:05.889855623Z""], [""removal_executed"", ""2026-03-08T08:07:05.954319342Z""]]",/opt/fabric/benchmarks/out/suite_20260308_084131/run_010/raw/resources_removal_1772957218.csv
2026-03-08T08:07:13.519138Z,removal_1772957218,removal_wait_reshare,4.12,17.47,98326402,31628719,796,714,115226,202104,0,0,0,0,796,714,115226,202104,1,ok:1,0.00,0.31,0.92,2.10,0.00,0.64,1,1,1,post,2026-03-08T08:07:05.954319342Z,,7.565,removal_executed,2026-03-08T08:07:05.954319342Z,7.565,,,,remove-irs3-member1-1772957219,removal,remove-irs3-member1-1772957219,60,"[[""reshare_complete"", ""2026-02-28T14:39:04.138060725Z""], [""reshare_ack"", ""2026-03-07T15:06:52.71409671Z""], [""reshare_keygen_start"", ""2026-03-07T15:08:25.500006697Z""], [""removal_propose"", ""2026-03-08T08:07:01.231435386Z""], [""removal_observed"", ""2026-03-08T08:07:01.242372433Z""], [""removal_vote"", ""2026-03-08T08:07:05.889855623Z""], [""removal_executed"", ""2026-03-08T08:07:05.954319342Z""]]",/opt/fabric/benchmarks/out/suite_20260308_084131/run_010/raw/resources_removal_1772957218.csv
2026-03-08T08:07:14.614742Z,removal_1772957218,removal_wait_reshare,4.60,17.47,98327914,31630169,1512,1450,116738,203554,0,0,0,0,1512,1450,116738,203554,1,ok:1,0.00,0.31,1.38,2.10,0.00,0.64,1,1,1,post,2026-03-08T08:07:05.954319342Z,,8.660,removal_executed,2026-03-08T08:07:05.954319342Z,8.660,,,,remove-irs3-member1-1772957219,removal,remove-irs3-member1-1772957219,60,"[[""reshare_complete"", ""2026-02-28T14:39:04.138060725Z""], [""reshare_ack"", ""2026-03-07T15:06:52.71409671Z""], [""reshare_keygen_start"", ""2026-03-07T15:08:25.500006697Z""], [""removal_propose"", ""2026-03-08T08:07:01.231435386Z""], [""removal_observed"", ""2026-03-08T08:07:01.242372433Z""], [""removal_vote"", ""2026-03-08T08:07:05.889855623Z""], [""removal_executed"", ""2026-03-08T08:07:05.954319342Z""]]",/opt/fabric/benchmarks/out/suite_20260308_084131/run_010/raw/resources_removal_1772957218.csv
2026-03-08T08:07:15.707633Z,removal_1772957218,removal_wait_reshare,4.38,17.47,98331041,31633687,3127,3518,119865,207072,178,179,178,179,2949,3339,119687,206893,1,ok:3,0.23,0.31,1.84,2.10,0.00,0.64,1,1,1,post,2026-03-08T08:07:05.954319342Z,,9.753,removal_executed,2026-03-08T08:07:05.954319342Z,9.753,,,,remove-irs3-member1-1772957219,removal,remove-irs3-member1-1772957219,60,"[[""reshare_complete"", ""2026-02-28T14:39:04.138060725Z""], [""reshare_ack"", ""2026-03-07T15:06:52.71409671Z""], [""reshare_keygen_start"", ""2026-03-07T15:08:25.500006697Z""], [""removal_propose"", ""2026-03-08T08:07:01.231435386Z""], [""removal_observed"", ""2026-03-08T08:07:01.242372433Z""], [""removal_vote"", ""2026-03-08T08:07:05.889855623Z""], [""removal_executed"", ""2026-03-08T08:07:05.954319342Z""]]",/opt/fabric/benchmarks/out/suite_20260308_084131/run_010/raw/resources_removal_1772957218.csv
2026-03-08T08:07:16.803204Z,removal_1772957218,removal_wait_reshare,5.06,17.47,98335841,31636457,4800,2770,124665,209842,0,0,178,179,4800,2770,124487,209663,1,ok:1,0.00,0.31,1.38,2.10,0.00,0.64,1,1,1,post,2026-03-08T08:07:05.954319342Z,,10.849,removal_executed,2026-03-08T08:07:05.954319342Z,10.849,,,,remove-irs3-member1-1772957219,removal,remove-irs3-member1-1772957219,60,"[[""reshare_complete"", ""2026-02-28T14:39:04.138060725Z""], [""reshare_ack"", ""2026-03-07T15:06:52.71409671Z""], [""reshare_keygen_start"", ""2026-03-07T15:08:25.500006697Z""], [""removal_propose"", ""2026-03-08T08:07:01.231435386Z""], [""removal_observed"", ""2026-03-08T08:07:01.242372433Z""], [""removal_vote"", ""2026-03-08T08:07:05.889855623Z""], [""removal_executed"", ""2026-03-08T08:07:05.954319342Z""]]",/opt/fabric/benchmarks/out/suite_20260308_084131/run_010/raw/resources_removal_1772957218.csv
2026-03-08T08:07:17.897953Z,removal_1772957218,removal_wait_reshare,5.02,17.47,98336817,31637170,976,713,125641,210555,0,0,178,179,976,713,125463,210376,1,ok:1,0.23,0.31,1.60,2.10,0.00,0.64,1,1,1,post,2026-03-08T08:07:05.954319342Z,,11.944,removal_executed,2026-03-08T08:07:05.954319342Z,11.944,,,,remove-irs3-member1-1772957219,removal,remove-irs3-member1-1772957219,60,"[[""reshare_complete"", ""2026-02-28T14:39:04.138060725Z""], [""reshare_ack"", ""2026-03-07T15:06:52.71409671Z""], [""reshare_keygen_start"", ""2026-03-07T15:08:25.500006697Z""], [""removal_propose"", ""2026-03-08T08:07:01.231435386Z""], [""removal_observed"", ""2026-03-08T08:07:01.242372433Z""], [""removal_vote"", ""2026-03-08T08:07:05.889855623Z""], [""removal_executed"", ""2026-03-08T08:07:05.954319342Z""]]",/opt/fabric/benchmarks/out/suite_20260308_084131/run_010/raw/resources_removal_1772957218.csv
2026-03-08T08:07:18.990967Z,removal_1772957218,removal_wait_reshare,5.03,17.47,98337466,31637647,649,477,126290,211032,0,0,178,179,649,477,126112,210853,1,ok:1,0.00,0.31,1.14,2.10,0.23,0.64,1,1,1,post,2026-03-08T08:07:05.954319342Z,,13.037,removal_executed,2026-03-08T08:07:05.954319342Z,13.037,,,,remove-irs3-member1-1772957219,removal,remove-irs3-member1-1772957219,60,"[[""reshare_complete"", ""2026-02-28T14:39:04.138060725Z""], [""reshare_ack"", ""2026-03-07T15:06:52.71409671Z""], [""reshare_keygen_start"", ""2026-03-07T15:08:25.500006697Z""], [""removal_propose"", ""2026-03-08T08:07:01.231435386Z""], [""removal_observed"", ""2026-03-08T08:07:01.242372433Z""], [""removal_vote"", ""2026-03-08T08:07:05.889855623Z""], [""removal_executed"", ""2026-03-08T08:07:05.954319342Z""]]",/opt/fabric/benchmarks/out/suite_20260308_084131/run_010/raw/resources_removal_1772957218.csv
2026-03-08T08:07:20.085057Z,removal_1772957218,removal_wait_reshare,5.08,17.47,98343379,31643346,5913,5699,132203,216731,0,0,178,179,5913,5699,132025,216552,1,ok:1,0.23,0.31,2.08,2.10,0.00,0.64,1,1,1,post,2026-03-08T08:07:05.954319342Z,,14.131,removal_executed,2026-03-08T08:07:05.954319342Z,14.131,,,,remove-irs3-member1-1772957219,removal,remove-irs3-member1-1772957219,60,"[[""reshare_complete"", ""2026-02-28T14:39:04.138060725Z""], [""reshare_ack"", ""2026-03-07T15:06:52.71409671Z""], [""reshare_keygen_start"", ""2026-03-07T15:08:25.500006697Z""], [""removal_propose"", ""2026-03-08T08:07:01.231435386Z""], [""removal_observed"", ""2026-03-08T08:07:01.242372433Z""], [""removal_vote"", ""2026-03-08T08:07:05.889855623Z""], [""removal_executed"", ""2026-03-08T08:07:05.954319342Z""]]",/opt/fabric/benchmarks/out/suite_20260308_084131/run_010/raw/resources_removal_1772957218.csv
2026-03-08T08:07:21.180440Z,removal_1772957218,removal_wait_reshare,4.61,17.47,98345667,31645130,2288,1784,134491,218515,0,0,178,179,2288,1784,134313,218336,1,ok:1,0.23,0.31,1.38,2.10,0.23,0.64,1,1,1,post,2026-03-08T08:07:05.954319342Z,,15.226,removal_executed,2026-03-08T08:07:05.954319342Z,15.226,,,,remove-irs3-member1-1772957219,removal,remove-irs3-member1-1772957219,60,"[[""reshare_complete"", ""2026-02-28T14:39:04.138060725Z""], [""reshare_ack"", ""2026-03-07T15:06:52.71409671Z""], [""reshare_keygen_start"", ""2026-03-07T15:08:25.500006697Z""], [""removal_propose"", ""2026-03-08T08:07:01.231435386Z""], [""removal_observed"", ""2026-03-08T08:07:01.242372433Z""], [""removal_vote"", ""2026-03-08T08:07:05.889855623Z""], [""removal_executed"", ""2026-03-08T08:07:05.954319342Z""]]",/opt/fabric/benchmarks/out/suite_20260308_084131/run_010/raw/resources_removal_1772957218.csv
2026-03-08T08:07:22.272507Z,removal_1772957218,removal_wait_reshare,3.71,17.47,98347009,31645924,1342,794,135833,219309,0,0,178,179,1342,794,135655,219130,1,ok:1,0.00,0.31,1.62,2.10,0.00,0.64,1,1,1,post,2026-03-08T08:07:05.954319342Z,,16.318,removal_executed,2026-03-08T08:07:05.954319342Z,16.318,,,,remove-irs3-member1-1772957219,removal,remove-irs3-member1-1772957219,60,"[[""reshare_complete"", ""2026-02-28T14:39:04.138060725Z""], [""reshare_ack"", ""2026-03-07T15:06:52.71409671Z""], [""reshare_keygen_start"", ""2026-03-07T15:08:25.500006697Z""], [""removal_propose"", ""2026-03-08T08:07:01.231435386Z""], [""removal_observed"", ""2026-03-08T08:07:01.242372433Z""], [""removal_vote"", ""2026-03-08T08:07:05.889855623Z""], [""removal_executed"", ""2026-03-08T08:07:05.954319342Z""]]",/opt/fabric/benchmarks/out/suite_20260308_084131/run_010/raw/resources_removal_1772957218.csv
2026-03-08T08:07:23.365176Z,removal_1772957218,removal_wait_reshare,3.90,17.47,98349197,31648415,2188,2491,138021,221800,0,0,178,179,2188,2491,137843,221621,1,ok:1,0.00,0.31,0.92,2.10,0.00,0.64,1,1,1,post,2026-03-08T08:07:05.954319342Z,,17.411,removal_executed,2026-03-08T08:07:05.954319342Z,17.411,,,,remove-irs3-member1-1772957219,removal,remove-irs3-member1-1772957219,60,"[[""reshare_complete"", ""2026-02-28T14:39:04.138060725Z""], [""reshare_ack"", ""2026-03-07T15:06:52.71409671Z""], [""reshare_keygen_start"", ""2026-03-07T15:08:25.500006697Z""], [""removal_propose"", ""2026-03-08T08:07:01.231435386Z""], [""removal_observed"", ""2026-03-08T08:07:01.242372433Z""], [""removal_vote"", ""2026-03-08T08:07:05.889855623Z""], [""removal_executed"", ""2026-03-08T08:07:05.954319342Z""]]",/opt/fabric/benchmarks/out/suite_20260308_084131/run_010/raw/resources_removal_1772957218.csv
2026-03-08T08:07:24.460513Z,removal_1772957218,removal_wait_reshare,5.98,17.47,98354012,31652410,4815,3995,142836,225795,0,0,178,179,4815,3995,142658,225616,1,ok:1,0.23,0.31,2.53,2.10,0.00,0.64,1,1,1,post,2026-03-08T08:07:05.954319342Z,,18.506,removal_executed,2026-03-08T08:07:05.954319342Z,18.506,,,,remove-irs3-member1-1772957219,removal,remove-irs3-member1-1772957219,60,"[[""reshare_complete"", ""2026-02-28T14:39:04.138060725Z""], [""reshare_ack"", ""2026-03-07T15:06:52.71409671Z""], [""reshare_keygen_start"", ""2026-03-07T15:08:25.500006697Z""], [""removal_propose"", ""2026-03-08T08:07:01.231435386Z""], [""removal_observed"", ""2026-03-08T08:07:01.242372433Z""], [""removal_vote"", ""2026-03-08T08:07:05.889855623Z""], [""removal_executed"", ""2026-03-08T08:07:05.954319342Z""]]",/opt/fabric/benchmarks/out/suite_20260308_084131/run_010/raw/resources_removal_1772957218.csv
2026-03-08T08:07:25.556339Z,removal_1772957218,removal_wait_reshare,6.19,17.47,98374148,31662706,20136,10296,162972,236091,0,0,178,179,20136,10296,162794,235912,1,ok:1,0.00,0.31,1.38,2.10,0.23,0.64,1,1,1,post,2026-03-08T08:07:05.954319342Z,,19.602,removal_executed,2026-03-08T08:07:05.954319342Z,19.602,,,,remove-irs3-member1-1772957219,removal,remove-irs3-member1-1772957219,60,"[[""reshare_complete"", ""2026-02-28T14:39:04.138060725Z""], [""reshare_ack"", ""2026-03-07T15:06:52.71409671Z""], [""reshare_keygen_start"", ""2026-03-07T15:08:25.500006697Z""], [""removal_propose"", ""2026-03-08T08:07:01.231435386Z""], [""removal_observed"", ""2026-03-08T08:07:01.242372433Z""], [""removal_vote"", ""2026-03-08T08:07:05.889855623Z""], [""removal_executed"", ""2026-03-08T08:07:05.954319342Z""]]",/opt/fabric/benchmarks/out/suite_20260308_084131/run_010/raw/resources_removal_1772957218.csv
2026-03-08T08:07:26.653021Z,removal_1772957218,removal_wait_reshare,4.61,17.47,98375434,31663433,1286,727,164258,236818,0,0,178,179,1286,727,164080,236639,1,ok:1,0.23,0.31,1.61,2.10,0.23,0.64,1,1,1,post,2026-03-08T08:07:05.954319342Z,,20.699,removal_executed,2026-03-08T08:07:05.954319342Z,20.699,,,,remove-irs3-member1-1772957219,removal,remove-irs3-member1-1772957219,60,"[[""reshare_complete"", ""2026-02-28T14:39:04.138060725Z""], [""reshare_ack"", ""2026-03-07T15:06:52.71409671Z""], [""reshare_keygen_start"", ""2026-03-07T15:08:25.500006697Z""], [""removal_propose"", ""2026-03-08T08:07:01.231435386Z""], [""removal_observed"", ""2026-03-08T08:07:01.242372433Z""], [""removal_vote"", ""2026-03-08T08:07:05.889855623Z""], [""removal_executed"", ""2026-03-08T08:07:05.954319342Z""]]",/opt/fabric/benchmarks/out/suite_20260308_084131/run_010/raw/resources_removal_1772957218.csv
2026-03-08T08:07:27.746615Z,removal_1772957218,removal_wait_reshare,7.36,17.47,98391911,31705225,16477,41792,180735,278610,0,0,178,179,16477,41792,180557,278431,1,ok:1,0.23,0.31,2.99,2.10,0.23,0.64,1,1,1,post,2026-03-08T08:07:05.954319342Z,,21.792,removal_executed,2026-03-08T08:07:05.954319342Z,21.792,,,,remove-irs3-member1-1772957219,removal,remove-irs3-member1-1772957219,60,"[[""reshare_complete"", ""2026-02-28T14:39:04.138060725Z""], [""reshare_ack"", ""2026-03-07T15:06:52.71409671Z""], [""reshare_keygen_start"", ""2026-03-07T15:08:25.500006697Z""], [""removal_propose"", ""2026-03-08T08:07:01.231435386Z""], [""removal_observed"", ""2026-03-08T08:07:01.242372433Z""], [""removal_vote"", ""2026-03-08T08:07:05.889855623Z""], [""removal_executed"", ""2026-03-08T08:07:05.954319342Z""]]",/opt/fabric/benchmarks/out/suite_20260308_084131/run_010/raw/resources_removal_1772957218.csv
2026-03-08T08:07:28.839425Z,removal_1772957218,removal_wait_reshare,5.96,17.47,98406774,31713725,14863,8500,195598,287110,0,0,178,179,14863,8500,195420,286931,1,ok:1,0.23,0.31,2.06,2.10,0.69,0.64,1,1,1,post,2026-03-08T08:07:05.954319342Z,,22.885,removal_executed,2026-03-08T08:07:05.954319342Z,22.885,,,,remove-irs3-member1-1772957219,removal,remove-irs3-member1-1772957219,60,"[[""reshare_complete"", ""2026-02-28T14:39:04.138060725Z""], [""reshare_ack"", ""2026-03-07T15:06:52.71409671Z""], [""reshare_keygen_start"", ""2026-03-07T15:08:25.500006697Z""], [""removal_propose"", ""2026-03-08T08:07:01.231435386Z""], [""removal_observed"", ""2026-03-08T08:07:01.242372433Z""], [""removal_vote"", ""2026-03-08T08:07:05.889855623Z""], [""removal_executed"", ""2026-03-08T08:07:05.954319342Z""]]",/opt/fabric/benchmarks/out/suite_20260308_084131/run_010/raw/resources_removal_1772957218.csv
2026-03-08T08:07:48.231975Z,join_1772957267,join_submit,0.00,17.46,98467525,31795646,0,0,0,0,0,0,0,0,0,0,0,0,1,ok:3,0.00,0.31,0.00,2.10,0.00,0.64,1,1,1,reshare_keygen_start,2026-03-07T13:25:31.674023016Z,2026-03-08T08:07:50.176617662Z,67336.558,reshare_keygen_start,2026-03-07T13:25:31.674023016Z,67336.558,join_submit,2026-03-08T08:07:50.176617662Z,1.945,join-irs3-1772957268,join,join-irs3-1772957268,18,"[[""reshare_complete"", ""2026-02-28T13:26:09.415977462Z""], [""reshare_ack"", ""2026-03-07T13:25:27.785477453Z""], [""reshare_keygen_start"", ""2026-03-07T13:25:31.674023016Z""], [""join_submit"", ""2026-03-08T08:07:50.176617662Z""], [""join_observed"", ""2026-03-08T08:07:50.187802008Z""]]",/opt/fabric/benchmarks/out/suite_20260308_084131/run_010/raw/resources_join_1772957267.csv
2026-03-08T08:07:49.324949Z,join_1772957267,join_submit,3.93,17.47,98469622,31797705,2097,2059,2097,2059,0,0,0,0,2097,2059,2097,2059,1,ok:3,0.00,0.31,0.92,2.10,0.23,0.64,1,1,1,reshare_keygen_start,2026-03-07T13:25:31.674023016Z,2026-03-08T08:07:50.176617662Z,67337.651,reshare_keygen_start,2026-03-07T13:25:31.674023016Z,67337.651,join_submit,2026-03-08T08:07:50.176617662Z,0.852,join-irs3-1772957268,join,join-irs3-1772957268,18,"[[""reshare_complete"", ""2026-02-28T13:26:09.415977462Z""], [""reshare_ack"", ""2026-03-07T13:25:27.785477453Z""], [""reshare_keygen_start"", ""2026-03-07T13:25:31.674023016Z""], [""join_submit"", ""2026-03-08T08:07:50.176617662Z""], [""join_observed"", ""2026-03-08T08:07:50.187802008Z""]]",/opt/fabric/benchmarks/out/suite_20260308_084131/run_010/raw/resources_join_1772957267.csv
2026-03-08T08:07:50.418781Z,join_1772957267,join_wait_vote,8.22,17.47,98472507,31818908,2885,21203,4982,23262,0,0,0,0,2885,21203,4982,23262,1,ok:1,0.23,0.31,2.05,2.10,0.46,0.64,1,1,1,post,2026-03-08T08:07:50.187802008Z,,0.231,join_observed,2026-03-08T08:07:50.187802008Z,0.231,,,,join-irs3-1772957268,join,join-irs3-1772957268,18,"[[""reshare_complete"", ""2026-02-28T13:26:09.415977462Z""], [""reshare_ack"", ""2026-03-07T13:25:27.785477453Z""], [""reshare_keygen_start"", ""2026-03-07T13:25:31.674023016Z""], [""join_submit"", ""2026-03-08T08:07:50.176617662Z""], [""join_observed"", ""2026-03-08T08:07:50.187802008Z""]]",/opt/fabric/benchmarks/out/suite_20260308_084131/run_010/raw/resources_join_1772957267.csv
2026-03-08T08:07:51.511519Z,join_1772957267,join_wait_vote,5.08,17.47,98477680,31824231,5173,5323,10155,28585,0,0,0,0,5173,5323,10155,28585,1,ok:1,0.23,0.31,1.85,2.10,0.23,0.64,1,1,1,post,2026-03-08T08:07:50.187802008Z,,1.324,join_observed,2026-03-08T08:07:50.187802008Z,1.324,,,,join-irs3-1772957268,join,join-irs3-1772957268,18,"[[""reshare_complete"", ""2026-02-28T13:26:09.415977462Z""], [""reshare_ack"", ""2026-03-07T13:25:27.785477453Z""], [""reshare_keygen_start"", ""2026-03-07T13:25:31.674023016Z""], [""join_submit"", ""2026-03-08T08:07:50.176617662Z""], [""join_observed"", ""2026-03-08T08:07:50.187802008Z""]]",/opt/fabric/benchmarks/out/suite_20260308_084131/run_010/raw/resources_join_1772957267.csv
2026-03-08T08:07:52.603596Z,join_1772957267,join_wait_vote,8.06,17.47,98503414,31839182,25734,14951,35889,43536,0,0,0,0,25734,14951,35889,43536,1,ok:1,0.00,0.31,3.46,2.10,0.23,0.64,1,1,1,post,2026-03-08T08:07:50.187802008Z,,2.416,join_observed,2026-03-08T08:07:50.187802008Z,2.416,,,,join-irs3-1772957268,join,join-irs3-1772957268,18,"[[""reshare_complete"", ""2026-02-28T13:26:09.415977462Z""], [""reshare_ack"", ""2026-03-07T13:25:27.785477453Z""], [""reshare_keygen_start"", ""2026-03-07T13:25:31.674023016Z""], [""join_submit"", ""2026-03-08T08:07:50.176617662Z""], [""join_observed"", ""2026-03-08T08:07:50.187802008Z""]]",/opt/fabric/benchmarks/out/suite_20260308_084131/run_010/raw/resources_join_1772957267.csv
2026-03-08T08:07:53.698674Z,join_1772957267,join_wait_vote,3.67,17.47,98504331,31839897,917,715,36806,44251,0,0,0,0,917,715,36806,44251,1,ok:1,0.00,0.31,0.92,2.10,0.00,0.64,1,1,1,post,2026-03-08T08:07:50.187802008Z,,3.511,join_observed,2026-03-08T08:07:50.187802008Z,3.511,,,,join-irs3-1772957268,join,join-irs3-1772957268,18,"[[""reshare_complete"", ""2026-02-28T13:26:09.415977462Z""], [""reshare_ack"", ""2026-03-07T13:25:27.785477453Z""], [""reshare_keygen_start"", ""2026-03-07T13:25:31.674023016Z""], [""join_submit"", ""2026-03-08T08:07:50.176617662Z""], [""join_observed"", ""2026-03-08T08:07:50.187802008Z""]]",/opt/fabric/benchmarks/out/suite_20260308_084131/run_010/raw/resources_join_1772957267.csv
2026-03-08T08:07:54.789592Z,join_1772957267,join_wait_vote,9.79,17.47,98520995,31886038,16664,46141,53470,90392,0,0,0,0,16664,46141,53470,90392,1,ok:1,0.70,0.31,3.50,2.10,0.70,0.64,1,1,1,post,2026-03-08T08:07:50.187802008Z,,4.602,join_observed,2026-03-08T08:07:50.187802008Z,4.602,,,,join-irs3-1772957268,join,join-irs3-1772957268,18,"[[""reshare_complete"", ""2026-02-28T13:26:09.415977462Z""], [""reshare_ack"", ""2026-03-07T13:25:27.785477453Z""], [""reshare_keygen_start"", ""2026-03-07T13:25:31.674023016Z""], [""join_submit"", ""2026-03-08T08:07:50.176617662Z""], [""join_observed"", ""2026-03-08T08:07:50.187802008Z""]]",/opt/fabric/benchmarks/out/suite_20260308_084131/run_010/raw/resources_join_1772957267.csv
2026-03-08T08:07:55.882847Z,join_1772957267,join_wait_vote,4.87,17.47,98525743,31891106,4748,5068,58218,95460,0,0,0,0,4748,5068,58218,95460,1,ok:1,0.00,0.31,1.62,2.10,0.46,0.64,1,1,1,post,2026-03-08T08:07:50.187802008Z,,5.695,join_observed,2026-03-08T08:07:50.187802008Z,5.695,,,,join-irs3-1772957268,join,join-irs3-1772957268,18,"[[""reshare_complete"", ""2026-02-28T13:26:09.415977462Z""], [""reshare_ack"", ""2026-03-07T13:25:27.785477453Z""], [""reshare_keygen_start"", ""2026-03-07T13:25:31.674023016Z""], [""join_submit"", ""2026-03-08T08:07:50.176617662Z""], [""join_observed"", ""2026-03-08T08:07:50.187802008Z""]]",/opt/fabric/benchmarks/out/suite_20260308_084131/run_010/raw/resources_join_1772957267.csv
2026-03-08T08:07:56.986028Z,join_1772957267,join_wait_vote,7.37,17.47,98540670,31922528,14927,31422,73145,126882,0,0,0,0,14927,31422,73145,126882,1,ok:1,0.00,0.31,3.92,2.10,0.46,0.64,1,1,1,post,2026-03-08T08:07:50.187802008Z,,6.798,join_observed,2026-03-08T08:07:50.187802008Z,6.798,,,,join-irs3-1772957268,join,join-irs3-1772957268,18,"[[""reshare_complete"", ""2026-02-28T13:26:09.415977462Z""], [""reshare_ack"", ""2026-03-07T13:25:27.785477453Z""], [""reshare_keygen_start"", ""2026-03-07T13:25:31.674023016Z""], [""join_submit"", ""2026-03-08T08:07:50.176617662Z""], [""join_observed"", ""2026-03-08T08:07:50.187802008Z""]]",/opt/fabric/benchmarks/out/suite_20260308_084131/run_010/raw/resources_join_1772957267.csv
2026-03-08T08:07:58.081360Z,join_1772957267,join_wait_vote,9.77,17.48,98556278,31930659,15608,8131,88753,135013,0,0,0,0,15608,8131,88753,135013,1,ok:1,0.68,0.31,2.73,2.10,0.45,0.64,1,1,1,post,2026-03-08T08:07:50.187802008Z,,7.894,join_observed,2026-03-08T08:07:50.187802008Z,7.894,,,,join-irs3-1772957268,join,join-irs3-1772957268,18,"[[""reshare_complete"", ""2026-02-28T13:26:09.415977462Z""], [""reshare_ack"", ""2026-03-07T13:25:27.785477453Z""], [""reshare_keygen_start"", ""2026-03-07T13:25:31.674023016Z""], [""join_submit"", ""2026-03-08T08:07:50.176617662Z""], [""join_observed"", ""2026-03-08T08:07:50.187802008Z""]]",/opt/fabric/benchmarks/out/suite_20260308_084131/run_010/raw/resources_join_1772957267.csv
2026-03-08T08:07:59.172997Z,join_1772957267,join_wait_reshare,12.04,17.48,98576477,31981389,20199,50730,108952,185743,0,0,0,0,20199,50730,108952,185743,1,ok:1,0.69,0.31,3.70,2.10,0.69,0.64,1,1,1,post,2026-03-08T08:07:50.187802008Z,,8.985,join_observed,2026-03-08T08:07:50.187802008Z,8.985,,,,join-irs3-1772957268,join,join-irs3-1772957268,18,"[[""reshare_complete"", ""2026-02-28T13:26:09.415977462Z""], [""reshare_ack"", ""2026-03-07T13:25:27.785477453Z""], [""reshare_keygen_start"", ""2026-03-07T13:25:31.674023016Z""], [""join_submit"", ""2026-03-08T08:07:50.176617662Z""], [""join_observed"", ""2026-03-08T08:07:50.187802008Z""]]",/opt/fabric/benchmarks/out/suite_20260308_084131/run_010/raw/resources_join_1772957267.csv
2026-03-08T08:08:00.266808Z,join_1772957267,join_wait_reshare,4.62,17.48,98581694,31986085,5217,4696,114169,190439,0,0,0,0,5217,4696,114169,190439,1,ok:1,0.00,0.31,1.85,2.10,0.23,0.64,1,1,1,post,2026-03-08T08:07:50.187802008Z,,10.079,join_observed,2026-03-08T08:07:50.187802008Z,10.079,,,,join-irs3-1772957268,join,join-irs3-1772957268,18,"[[""reshare_complete"", ""2026-02-28T13:26:09.415977462Z""], [""reshare_ack"", ""2026-03-07T13:25:27.785477453Z""], [""reshare_keygen_start"", ""2026-03-07T13:25:31.674023016Z""], [""join_submit"", ""2026-03-08T08:07:50.176617662Z""], [""join_observed"", ""2026-03-08T08:07:50.187802008Z""]]",/opt/fabric/benchmarks/out/suite_20260308_084131/run_010/raw/resources_join_1772957267.csv
2026-03-08T08:08:01.355944Z,join_1772957267,join_wait_reshare,12.76,17.48,98585711,32016420,4017,30335,118186,220774,0,0,0,0,4017,30335,118186,220774,1,ok:1,1.16,0.31,5.80,2.10,0.46,0.64,1,1,1,post,2026-03-08T08:07:50.187802008Z,,11.168,join_observed,2026-03-08T08:07:50.187802008Z,11.168,,,,join-irs3-1772957268,join,join-irs3-1772957268,18,"[[""reshare_complete"", ""2026-02-28T13:26:09.415977462Z""], [""reshare_ack"", ""2026-03-07T13:25:27.785477453Z""], [""reshare_keygen_start"", ""2026-03-07T13:25:31.674023016Z""], [""join_submit"", ""2026-03-08T08:07:50.176617662Z""], [""join_observed"", ""2026-03-08T08:07:50.187802008Z""]]",/opt/fabric/benchmarks/out/suite_20260308_084131/run_010/raw/resources_join_1772957267.csv
2026-03-08T08:08:02.448551Z,join_1772957267,join_wait_reshare,4.39,17.48,98595580,32021363,9869,4943,128055,225717,0,0,0,0,9869,4943,128055,225717,1,ok:1,0.00,0.31,1.39,2.10,0.23,0.64,1,1,1,post,2026-03-08T08:07:50.187802008Z,,12.261,join_observed,2026-03-08T08:07:50.187802008Z,12.261,,,,join-irs3-1772957268,join,join-irs3-1772957268,18,"[[""reshare_complete"", ""2026-02-28T13:26:09.415977462Z""], [""reshare_ack"", ""2026-03-07T13:25:27.785477453Z""], [""reshare_keygen_start"", ""2026-03-07T13:25:31.674023016Z""], [""join_submit"", ""2026-03-08T08:07:50.176617662Z""], [""join_observed"", ""2026-03-08T08:07:50.187802008Z""]]",/opt/fabric/benchmarks/out/suite_20260308_084131/run_010/raw/resources_join_1772957267.csv
2026-03-08T08:08:03.539290Z,join_1772957267,join_wait_reshare,10.72,17.48,98600909,32042743,5329,21380,133384,247097,0,0,0,0,5329,21380,133384,247097,1,ok:1,0.93,0.31,5.13,2.10,0.47,0.64,1,1,1,post,2026-03-08T08:07:50.187802008Z,,13.351,join_observed,2026-03-08T08:07:50.187802008Z,13.351,,,,join-irs3-1772957268,join,join-irs3-1772957268,18,"[[""reshare_complete"", ""2026-02-28T13:26:09.415977462Z""], [""reshare_ack"", ""2026-03-07T13:25:27.785477453Z""], [""reshare_keygen_start"", ""2026-03-07T13:25:31.674023016Z""], [""join_submit"", ""2026-03-08T08:07:50.176617662Z""], [""join_observed"", ""2026-03-08T08:07:50.187802008Z""]]",/opt/fabric/benchmarks/out/suite_20260308_084131/run_010/raw/resources_join_1772957267.csv
2026-03-08T08:08:04.635693Z,join_1772957267,join_wait_reshare,6.50,17.48,98623075,32060878,22166,18135,155550,265232,0,0,0,0,22166,18135,155550,265232,1,ok:1,1.16,0.31,2.78,2.10,0.00,0.64,1,1,1,post,2026-03-08T08:07:50.187802008Z,,14.448,join_observed,2026-03-08T08:07:50.187802008Z,14.448,,,,join-irs3-1772957268,join,join-irs3-1772957268,18,"[[""reshare_complete"", ""2026-02-28T13:26:09.415977462Z""], [""reshare_ack"", ""2026-03-07T13:25:27.785477453Z""], [""reshare_keygen_start"", ""2026-03-07T13:25:31.674023016Z""], [""join_submit"", ""2026-03-08T08:07:50.176617662Z""], [""join_observed"", ""2026-03-08T08:07:50.187802008Z""]]",/opt/fabric/benchmarks/out/suite_20260308_084131/run_010/raw/resources_join_1772957267.csv
2026-03-08T08:08:05.727986Z,join_1772957267,join_wait_reshare,5.50,17.48,98624190,32061527,1115,649,156665,265881,0,0,0,0,1115,649,156665,265881,1,ok:1,0.00,0.31,0.92,2.10,0.00,0.64,1,1,1,post,2026-03-08T08:07:50.187802008Z,,15.540,join_observed,2026-03-08T08:07:50.187802008Z,15.540,,,,join-irs3-1772957268,join,join-irs3-1772957268,18,"[[""reshare_complete"", ""2026-02-28T13:26:09.415977462Z""], [""reshare_ack"", ""2026-03-07T13:25:27.785477453Z""], [""reshare_keygen_start"", ""2026-03-07T13:25:31.674023016Z""], [""join_submit"", ""2026-03-08T08:07:50.176617662Z""], [""join_observed"", ""2026-03-08T08:07:50.187802008Z""]]",/opt/fabric/benchmarks/out/suite_20260308_084131/run_010/raw/resources_join_1772957267.csv
2026-03-08T08:08:06.808695Z,join_1772957267,join_wait_reshare,25.53,17.49,98634977,32071126,10787,9599,167452,275480,0,0,0,0,10787,9599,167452,275480,1,ok:1,18.50,0.31,3.51,2.10,0.00,0.64,1,1,1,post,2026-03-08T08:07:50.187802008Z,,16.621,join_observed,2026-03-08T08:07:50.187802008Z,16.621,,,,join-irs3-1772957268,join,join-irs3-1772957268,18,"[[""reshare_complete"", ""2026-02-28T13:26:09.415977462Z""], [""reshare_ack"", ""2026-03-07T13:25:27.785477453Z""], [""reshare_keygen_start"", ""2026-03-07T13:25:31.674023016Z""], [""join_submit"", ""2026-03-08T08:07:50.176617662Z""], [""join_observed"", ""2026-03-08T08:07:50.187802008Z""]]",/opt/fabric/benchmarks/out/suite_20260308_084131/run_010/raw/resources_join_1772957267.csv
2026-03-08T08:08:07.891843Z,join_1772957267,join_wait_reshare,27.67,17.49,98639341,32076329,4364,5203,171816,280683,0,0,0,0,4364,5203,171816,280683,1,ok:1,25.12,0.31,1.16,2.10,0.00,0.64,1,1,1,post,2026-03-08T08:07:50.187802008Z,,17.704,join_observed,2026-03-08T08:07:50.187802008Z,17.704,,,,join-irs3-1772957268,join,join-irs3-1772957268,18,"[[""reshare_complete"", ""2026-02-28T13:26:09.415977462Z""], [""reshare_ack"", ""2026-03-07T13:25:27.785477453Z""], [""reshare_keygen_start"", ""2026-03-07T13:25:31.674023016Z""], [""join_submit"", ""2026-03-08T08:07:50.176617662Z""], [""join_observed"", ""2026-03-08T08:07:50.187802008Z""]]",/opt/fabric/benchmarks/out/suite_20260308_084131/run_010/raw/resources_join_1772957267.csv
2026-03-08T08:08:08.984266Z,join_1772957267,join_wait_reshare,28.44,17.49,98643233,32078730,3892,2401,175708,283084,0,0,0,0,3892,2401,175708,283084,1,ok:1,25.64,0.31,1.63,2.10,0.00,0.64,1,1,1,post,2026-03-08T08:07:50.187802008Z,,18.796,join_observed,2026-03-08T08:07:50.187802008Z,18.796,,,,join-irs3-1772957268,join,join-irs3-1772957268,18,"[[""reshare_complete"", ""2026-02-28T13:26:09.415977462Z""], [""reshare_ack"", ""2026-03-07T13:25:27.785477453Z""], [""reshare_keygen_start"", ""2026-03-07T13:25:31.674023016Z""], [""join_submit"", ""2026-03-08T08:07:50.176617662Z""], [""join_observed"", ""2026-03-08T08:07:50.187802008Z""]]",/opt/fabric/benchmarks/out/suite_20260308_084131/run_010/raw/resources_join_1772957267.csv
2026-03-08T08:08:10.065827Z,join_1772957267,join_wait_reshare,31.49,17.49,98645182,32080963,1949,2233,177657,285317,0,0,0,0,1949,2233,177657,285317,1,ok:1,25.52,0.31,1.38,2.10,0.00,0.64,1,1,1,post,2026-03-08T08:07:50.187802008Z,,19.878,join_observed,2026-03-08T08:07:50.187802008Z,19.878,,,,join-irs3-1772957268,join,join-irs3-1772957268,18,"[[""reshare_complete"", ""2026-02-28T13:26:09.415977462Z""], [""reshare_ack"", ""2026-03-07T13:25:27.785477453Z""], [""reshare_keygen_start"", ""2026-03-07T13:25:31.674023016Z""], [""join_submit"", ""2026-03-08T08:07:50.176617662Z""], [""join_observed"", ""2026-03-08T08:07:50.187802008Z""]]",/opt/fabric/benchmarks/out/suite_20260308_084131/run_010/raw/resources_join_1772957267.csv
2026-03-08T08:08:11.148223Z,join_1772957267,join_wait_reshare,29.91,17.50,99038732,32095579,393550,14616,571207,299933,0,0,0,0,393550,14616,571207,299933,1,ok:1,26.87,0.32,0.70,2.10,0.23,0.64,1,1,1,post,2026-03-08T08:07:50.187802008Z,,20.960,join_observed,2026-03-08T08:07:50.187802008Z,20.960,,,,join-irs3-1772957268,join,join-irs3-1772957268,18,"[[""reshare_complete"", ""2026-02-28T13:26:09.415977462Z""], [""reshare_ack"", ""2026-03-07T13:25:27.785477453Z""], [""reshare_keygen_start"", ""2026-03-07T13:25:31.674023016Z""], [""join_submit"", ""2026-03-08T08:07:50.176617662Z""], [""join_observed"", ""2026-03-08T08:07:50.187802008Z""]]",/opt/fabric/benchmarks/out/suite_20260308_084131/run_010/raw/resources_join_1772957267.csv
2026-03-08T08:08:12.232579Z,join_1772957267,join_wait_reshare,30.68,17.50,99042448,32098275,3716,2696,574923,302629,0,0,0,0,3716,2696,574923,302629,1,ok:1,26.00,0.32,2.34,2.10,0.00,0.64,1,1,1,post,2026-03-08T08:07:50.187802008Z,,22.045,join_observed,2026-03-08T08:07:50.187802008Z,22.045,,,,join-irs3-1772957268,join,join-irs3-1772957268,18,"[[""reshare_complete"", ""2026-02-28T13:26:09.415977462Z""], [""reshare_ack"", ""2026-03-07T13:25:27.785477453Z""], [""reshare_keygen_start"", ""2026-03-07T13:25:31.674023016Z""], [""join_submit"", ""2026-03-08T08:07:50.176617662Z""], [""join_observed"", ""2026-03-08T08:07:50.187802008Z""]]",/opt/fabric/benchmarks/out/suite_20260308_084131/run_010/raw/resources_join_1772957267.csv
2026-03-08T08:08:13.400583Z,join_1772957267,join_wait_reshare,74.77,17.51,99076542,32507400,34094,409125,609017,711754,0,0,0,0,34094,409125,609017,711754,1,ok:1,76.85,0.32,0.69,2.10,0.00,0.64,1,1,1,post,2026-03-08T08:07:50.187802008Z,,23.213,join_observed,2026-03-08T08:07:50.187802008Z,23.213,,,,join-irs3-1772957268,join,join-irs3-1772957268,18,"[[""reshare_complete"", ""2026-02-28T13:26:09.415977462Z""], [""reshare_ack"", ""2026-03-07T13:25:27.785477453Z""], [""reshare_keygen_start"", ""2026-03-07T13:25:31.674023016Z""], [""join_submit"", ""2026-03-08T08:07:50.176617662Z""], [""join_observed"", ""2026-03-08T08:07:50.187802008Z""]]",/opt/fabric/benchmarks/out/suite_20260308_084131/run_010/raw/resources_join_1772957267.csv
2026-03-08T08:08:14.568157Z,join_1772957267,join_wait_reshare,99.79,17.51,99077844,32508906,1302,1506,610319,713260,0,0,0,0,1302,1506,610319,713260,1,ok:1,97.00,0.35,0.64,2.10,0.00,0.64,1,1,1,post,2026-03-08T08:07:50.187802008Z,,24.380,join_observed,2026-03-08T08:07:50.187802008Z,24.380,,,,join-irs3-1772957268,join,join-irs3-1772957268,18,"[[""reshare_complete"", ""2026-02-28T13:26:09.415977462Z""], [""reshare_ack"", ""2026-03-07T13:25:27.785477453Z""], [""reshare_keygen_start"", ""2026-03-07T13:25:31.674023016Z""], [""join_submit"", ""2026-03-08T08:07:50.176617662Z""], [""join_observed"", ""2026-03-08T08:07:50.187802008Z""]]",/opt/fabric/benchmarks/out/suite_20260308_084131/run_010/raw/resources_join_1772957267.csv
2026-03-08T08:08:15.664202Z,join_1772957267,join_wait_reshare,100.00,17.51,99080586,32512091,2742,3185,613061,716445,0,0,0,0,2742,3185,613061,716445,1,ok:1,92.09,0.35,1.92,2.10,0.00,0.64,1,1,1,post,2026-03-08T08:07:50.187802008Z,,25.476,join_observed,2026-03-08T08:07:50.187802008Z,25.476,,,,join-irs3-1772957268,join,join-irs3-1772957268,18,"[[""reshare_complete"", ""2026-02-28T13:26:09.415977462Z""], [""reshare_ack"", ""2026-03-07T13:25:27.785477453Z""], [""reshare_keygen_start"", ""2026-03-07T13:25:31.674023016Z""], [""join_submit"", ""2026-03-08T08:07:50.176617662Z""], [""join_observed"", ""2026-03-08T08:07:50.187802008Z""]]",/opt/fabric/benchmarks/out/suite_20260308_084131/run_010/raw/resources_join_1772957267.csv
2026-03-08T08:08:16.747777Z,join_1772957267,join_wait_reshare,68.42,17.52,99084932,32514391,4346,2300,617407,718745,0,0,0,0,4346,2300,617407,718745,1,ok:1,64.30,0.34,0.69,2.10,0.00,0.64,1,1,1,post,2026-03-08T08:07:50.187802008Z,,26.560,join_observed,2026-03-08T08:07:50.187802008Z,26.560,,,,join-irs3-1772957268,join,join-irs3-1772957268,18,"[[""reshare_complete"", ""2026-02-28T13:26:09.415977462Z""], [""reshare_ack"", ""2026-03-07T13:25:27.785477453Z""], [""reshare_keygen_start"", ""2026-03-07T13:25:31.674023016Z""], [""join_submit"", ""2026-03-08T08:07:50.176617662Z""], [""join_observed"", ""2026-03-08T08:07:50.187802008Z""]]",/opt/fabric/benchmarks/out/suite_20260308_084131/run_010/raw/resources_join_1772957267.csv
2026-03-08T08:08:17.829791Z,join_1772957267,join_wait_reshare,53.24,17.52,99085789,32515105,857,714,618264,719459,0,0,0,0,857,714,618264,719459,1,ok:1,50.23,0.34,0.46,2.10,0.00,0.64,1,1,1,post,2026-03-08T08:07:50.187802008Z,,27.642,join_observed,2026-03-08T08:07:50.187802008Z,27.642,,,,join-irs3-1772957268,join,join-irs3-1772957268,18,"[[""reshare_complete"", ""2026-02-28T13:26:09.415977462Z""], [""reshare_ack"", ""2026-03-07T13:25:27.785477453Z""], [""reshare_keygen_start"", ""2026-03-07T13:25:31.674023016Z""], [""join_submit"", ""2026-03-08T08:07:50.176617662Z""], [""join_observed"", ""2026-03-08T08:07:50.187802008Z""]]",/opt/fabric/benchmarks/out/suite_20260308_084131/run_010/raw/resources_join_1772957267.csv
2026-03-08T08:08:18.917854Z,join_1772957267,join_wait_reshare,55.79,17.52,99090376,32517924,4587,2819,622851,722278,0,0,0,0,4587,2819,622851,722278,1,ok:1,49.54,0.33,2.08,2.10,0.00,0.64,1,1,1,post,2026-03-08T08:07:50.187802008Z,,28.730,join_observed,2026-03-08T08:07:50.187802008Z,28.730,,,,join-irs3-1772957268,join,join-irs3-1772957268,18,"[[""reshare_complete"", ""2026-02-28T13:26:09.415977462Z""], [""reshare_ack"", ""2026-03-07T13:25:27.785477453Z""], [""reshare_keygen_start"", ""2026-03-07T13:25:31.674023016Z""], [""join_submit"", ""2026-03-08T08:07:50.176617662Z""], [""join_observed"", ""2026-03-08T08:07:50.187802008Z""]]",/opt/fabric/benchmarks/out/suite_20260308_084131/run_010/raw/resources_join_1772957267.csv
2026-03-08T08:08:20.010934Z,join_1772957267,join_wait_reshare,6.45,17.52,99109437,32541374,19061,23450,641912,745728,0,0,0,0,19061,23450,641912,745728,1,ok:1,0.92,0.33,2.07,2.10,0.00,0.64,1,1,1,post,2026-03-08T08:07:50.187802008Z,,29.823,join_observed,2026-03-08T08:07:50.187802008Z,29.823,,,,join-irs3-1772957268,join,join-irs3-1772957268,18,"[[""reshare_complete"", ""2026-02-28T13:26:09.415977462Z""], [""reshare_ack"", ""2026-03-07T13:25:27.785477453Z""], [""reshare_keygen_start"", ""2026-03-07T13:25:31.674023016Z""], [""join_submit"", ""2026-03-08T08:07:50.176617662Z""], [""join_observed"", ""2026-03-08T08:07:50.187802008Z""]]",/opt/fabric/benchmarks/out/suite_20260308_084131/run_010/raw/resources_join_1772957267.csv
2026-03-08T08:08:21.097791Z,join_1772957267,join_wait_reshare,11.49,17.53,99139093,32555538,29656,14164,671568,759892,0,0,0,0,29656,14164,671568,759892,1,ok:1,1.38,0.31,4.14,2.10,0.46,0.64,1,1,1,post,2026-03-08T08:07:50.187802008Z,,30.910,join_observed,2026-03-08T08:07:50.187802008Z,30.910,,,,join-irs3-1772957268,join,join-irs3-1772957268,18,"[[""reshare_complete"", ""2026-02-28T13:26:09.415977462Z""], [""reshare_ack"", ""2026-03-07T13:25:27.785477453Z""], [""reshare_keygen_start"", ""2026-03-07T13:25:31.674023016Z""], [""join_submit"", ""2026-03-08T08:07:50.176617662Z""], [""join_observed"", ""2026-03-08T08:07:50.187802008Z""]]",/opt/fabric/benchmarks/out/suite_20260308_084131/run_010/raw/resources_join_1772957267.csv
2026-03-08T08:08:22.192689Z,join_1772957267,join_wait_reshare,3.70,17.53,99141044,32557112,1951,1574,673519,761466,0,0,0,0,1951,1574,673519,761466,1,ok:1,0.00,0.31,1.39,2.10,0.00,0.64,1,1,1,post,2026-03-08T08:07:50.187802008Z,,32.005,join_observed,2026-03-08T08:07:50.187802008Z,32.005,,,,join-irs3-1772957268,join,join-irs3-1772957268,18,"[[""reshare_complete"", ""2026-02-28T13:26:09.415977462Z""], [""reshare_ack"", ""2026-03-07T13:25:27.785477453Z""], [""reshare_keygen_start"", ""2026-03-07T13:25:31.674023016Z""], [""join_submit"", ""2026-03-08T08:07:50.176617662Z""], [""join_observed"", ""2026-03-08T08:07:50.187802008Z""]]",/opt/fabric/benchmarks/out/suite_20260308_084131/run_010/raw/resources_join_1772957267.csv
2026-03-08T08:08:23.290092Z,join_1772957267,join_wait_reshare,8.06,17.53,99145683,32607445,4639,50333,678158,811799,0,0,0,0,4639,50333,678158,811799,1,ok:1,0.23,0.31,2.30,2.10,0.69,0.64,1,1,1,post,2026-03-08T08:07:50.187802008Z,,33.102,join_observed,2026-03-08T08:07:50.187802008Z,33.102,,,,join-irs3-1772957268,join,join-irs3-1772957268,18,"[[""reshare_complete"", ""2026-02-28T13:26:09.415977462Z""], [""reshare_ack"", ""2026-03-07T13:25:27.785477453Z""], [""reshare_keygen_start"", ""2026-03-07T13:25:31.674023016Z""], [""join_submit"", ""2026-03-08T08:07:50.176617662Z""], [""join_observed"", ""2026-03-08T08:07:50.187802008Z""]]",/opt/fabric/benchmarks/out/suite_20260308_084131/run_010/raw/resources_join_1772957267.csv
2026-03-08T08:08:24.380671Z,join_1772957267,join_wait_reshare,11.95,17.53,99178812,32624151,33129,16706,711287,828505,0,0,0,0,33129,16706,711287,828505,1,ok:1,0.69,0.31,5.52,2.10,0.69,0.64,1,1,1,post,2026-03-08T08:07:50.187802008Z,,34.193,join_observed,2026-03-08T08:07:50.187802008Z,34.193,,,,join-irs3-1772957268,join,join-irs3-1772957268,18,"[[""reshare_complete"", ""2026-02-28T13:26:09.415977462Z""], [""reshare_ack"", ""2026-03-07T13:25:27.785477453Z""], [""reshare_keygen_start"", ""2026-03-07T13:25:31.674023016Z""], [""join_submit"", ""2026-03-08T08:07:50.176617662Z""], [""join_observed"", ""2026-03-08T08:07:50.187802008Z""]]",/opt/fabric/benchmarks/out/suite_20260308_084131/run_010/raw/resources_join_1772957267.csv
2026-03-08T08:08:25.467680Z,join_1772957267,join_wait_reshare,7.39,17.53,99193352,32695563,14540,71412,725827,899917,0,0,0,0,14540,71412,725827,899917,1,ok:1,0.46,0.31,3.00,2.10,0.69,0.64,1,1,1,post,2026-03-08T08:07:50.187802008Z,,35.280,join_observed,2026-03-08T08:07:50.187802008Z,35.280,,,,join-irs3-1772957268,join,join-irs3-1772957268,18,"[[""reshare_complete"", ""2026-02-28T13:26:09.415977462Z""], [""reshare_ack"", ""2026-03-07T13:25:27.785477453Z""], [""reshare_keygen_start"", ""2026-03-07T13:25:31.674023016Z""], [""join_submit"", ""2026-03-08T08:07:50.176617662Z""], [""join_observed"", ""2026-03-08T08:07:50.187802008Z""]]",/opt/fabric/benchmarks/out/suite_20260308_084131/run_010/raw/resources_join_1772957267.csv
2026-03-08T08:08:26.561494Z,join_1772957267,join_wait_reshare,9.26,17.53,99225863,32712063,32511,16500,758338,916417,0,0,0,0,32511,16500,758338,916417,1,ok:1,0.23,0.31,2.55,2.10,0.69,0.64,1,1,1,post,2026-03-08T08:07:50.187802008Z,,36.374,join_observed,2026-03-08T08:07:50.187802008Z,36.374,,,,join-irs3-1772957268,join,join-irs3-1772957268,18,"[[""reshare_complete"", ""2026-02-28T13:26:09.415977462Z""], [""reshare_ack"", ""2026-03-07T13:25:27.785477453Z""], [""reshare_keygen_start"", ""2026-03-07T13:25:31.674023016Z""], [""join_submit"", ""2026-03-08T08:07:50.176617662Z""], [""join_observed"", ""2026-03-08T08:07:50.187802008Z""]]",/opt/fabric/benchmarks/out/suite_20260308_084131/run_010/raw/resources_join_1772957267.csv
2026-03-08T08:08:27.653994Z,join_1772957267,join_wait_reshare,5.30,17.53,99231036,32717267,5173,5204,763511,921621,0,0,0,0,5173,5204,763511,921621,1,ok:1,0.23,0.31,1.84,2.10,0.23,0.64,1,1,1,post,2026-03-08T08:07:50.187802008Z,,37.466,join_observed,2026-03-08T08:07:50.187802008Z,37.466,,,,join-irs3-1772957268,join,join-irs3-1772957268,18,"[[""reshare_complete"", ""2026-02-28T13:26:09.415977462Z""], [""reshare_ack"", ""2026-03-07T13:25:27.785477453Z""], [""reshare_keygen_start"", ""2026-03-07T13:25:31.674023016Z""], [""join_submit"", ""2026-03-08T08:07:50.176617662Z""], [""join_observed"", ""2026-03-08T08:07:50.187802008Z""]]",/opt/fabric/benchmarks/out/suite_20260308_084131/run_010/raw/resources_join_1772957267.csv
2026-03-08T08:08:28.746425Z,join_1772957267,join_wait_reshare,14.92,17.53,99248944,32780668,17908,63401,781419,985022,0,0,0,0,17908,63401,781419,985022,1,ok:1,1.17,0.31,7.46,2.10,0.70,0.64,1,1,1,post,2026-03-08T08:07:50.187802008Z,,38.559,join_observed,2026-03-08T08:07:50.187802008Z,38.559,,,,join-irs3-1772957268,join,join-irs3-1772957268,18,"[[""reshare_complete"", ""2026-02-28T13:26:09.415977462Z""], [""reshare_ack"", ""2026-03-07T13:25:27.785477453Z""], [""reshare_keygen_start"", ""2026-03-07T13:25:31.674023016Z""], [""join_submit"", ""2026-03-08T08:07:50.176617662Z""], [""join_observed"", ""2026-03-08T08:07:50.187802008Z""]]",/opt/fabric/benchmarks/out/suite_20260308_084131/run_010/raw/resources_join_1772957267.csv
2026-03-08T08:08:29.838940Z,join_1772957267,join_wait_reshare,4.86,17.53,99261691,32788769,12747,8101,794166,993123,0,0,0,0,12747,8101,794166,993123,1,ok:1,0.23,0.31,1.16,2.10,0.23,0.64,1,1,1,post,2026-03-08T08:07:50.187802008Z,,39.651,join_observed,2026-03-08T08:07:50.187802008Z,39.651,,,,join-irs3-1772957268,join,join-irs3-1772957268,18,"[[""reshare_complete"", ""2026-02-28T13:26:09.415977462Z""], [""reshare_ack"", ""2026-03-07T13:25:27.785477453Z""], [""reshare_keygen_start"", ""2026-03-07T13:25:31.674023016Z""], [""join_submit"", ""2026-03-08T08:07:50.176617662Z""], [""join_observed"", ""2026-03-08T08:07:50.187802008Z""]]",/opt/fabric/benchmarks/out/suite_20260308_084131/run_010/raw/resources_join_1772957267.csv
2026-03-08T08:08:30.931770Z,join_1772957267,join_wait_reshare,12.21,17.53,99264313,32827515,2622,38746,796788,1031869,0,0,0,0,2622,38746,796788,1031869,1,ok:1,0.69,0.31,4.61,2.10,0.46,0.64,1,1,1,post,2026-03-08T08:07:50.187802008Z,,40.744,join_observed,2026-03-08T08:07:50.187802008Z,40.744,,,,join-irs3-1772957268,join,join-irs3-1772957268,18,"[[""reshare_complete"", ""2026-02-28T13:26:09.415977462Z""], [""reshare_ack"", ""2026-03-07T13:25:27.785477453Z""], [""reshare_keygen_start"", ""2026-03-07T13:25:31.674023016Z""], [""join_submit"", ""2026-03-08T08:07:50.176617662Z""], [""join_observed"", ""2026-03-08T08:07:50.187802008Z""]]",/opt/fabric/benchmarks/out/suite_20260308_084131/run_010/raw/resources_join_1772957267.csv
